23593613
23029720
22379346
22346246
22155754
21814064
21624583
21429016
21372764
21274889
20490679
20684186
20682230
20363433
20135731
20054320
19809355
19743993
19679416
19673028
19661814
19646642
19568182
19396956
19337246
19291827
19271599
19191853
18790438
18790434
18785275
18706733
18680226
18636658
18478132
18477965
18435461
18360329
18294933
18277884
18210340
18082473
18058656
18047544
18227890
18028926
17912188
17905009
17827950
17611174
17545780
17415347
17018501
16944004
16894311
16644462
16429353
16429352
16435503
16185966
16053016
15842580
14618949
12510456
