CD009372     0  8837803      0  
CD009372     0  16832640     0  
CD009372     0  17163342     0  
CD009372     0  16531206     0  
CD009372     0  9406201      0  
CD009372     0  12075669     0  
CD009372     0  22197406     0  
CD009372     0  22005694     0  
CD009372     0  3340283      0  
CD009372     0  1198631      0  
CD009372     0  11213959     0  
CD009372     0  7575212      0  
CD009372     0  2078001      0  
CD009372     0  11152352     0  
CD009372     0  7445684      0  
CD009372     0  11935669     0  
CD009372     0  9638675      0  
CD009372     0  12710259     0  
CD009372     0  10219398     0  
CD009372     0  7291875      0  
CD009372     0  10660031     0  
CD009372     0  3060062      0  
CD009372     0  12818867     0  
CD009372     0  687187       0  
CD009372     0  13307516     0  
CD009372     0  19165668     0  
CD009372     0  18777545     0  
CD009372     0  8584083      0  
CD009372     0  1514413      0  
CD009372     0  21358153     0  
CD009372     0  9392361      0  
CD009372     0  18237769     0  
CD009372     0  7915258      0  
CD009372     0  1604419      0  
CD009372     0  10642999     0  
CD009372     0  9340684      0  
CD009372     0  555538       0  
CD009372     0  21786435     0  
CD009372     0  23317412     0  
CD009372     0  17610182     0  
CD009372     0  22538962     0  
CD009372     0  17317944     0  
CD009372     0  22676956     0  
CD009372     0  11552375     0  
CD009372     0  3120528      0  
CD009372     0  2938449      0  
CD009372     0  21812738     0  
CD009372     0  684331       0  
CD009372     0  22303927     0  
CD009372     0  2615899      0  
CD009372     0  18845805     0  
CD009372     0  10745267     0  
CD009372     0  8161486      0  
CD009372     0  7912863      0  
CD009372     0  15545944     0  
CD009372     0  8430184      0  
CD009372     0  12637284     0  
CD009372     0  8599895      0  
CD009372     0  7477853      0  
CD009372     0  18805374     0  
CD009372     0  3768186      0  
CD009372     0  6622958      0  
CD009372     0  8208357      0  
CD009372     0  2074166      0  
CD009372     0  1362250      1  
CD009372     0  22805394     0  
CD009372     0  14670669     0  
CD009372     0  21402376     0  
CD009372     0  7991082      0  
CD009372     0  22095221     0  
CD009372     0  611230       0  
CD009372     0  8248996      0  
CD009372     0  12234399     0  
CD009372     0  21918851     1  
CD009372     0  12594560     0  
CD009372     0  23124634     1  
CD009372     0  22665003     0  
CD009372     0  22334638     0  
CD009372     0  21216088     0  
CD009372     0  21571549     0  
CD009372     0  7317212      0  
CD009372     0  22332063     0  
CD009372     0  21546463     0  
CD009372     0  11684714     0  
CD009372     0  8883655      0  
CD009372     0  20729022     0  
CD009372     0  15218156     0  
CD009372     0  22925413     0  
CD009372     0  19066112     0  
CD009372     0  13429617     0  
CD009372     0  12702837     0  
CD009372     0  2054196      0  
CD009372     0  22621984     0  
CD009372     0  18245071     0  
CD009372     0  3707772      0  
CD009372     0  19898967     0  
CD009372     0  12014239     0  
CD009372     0  19086447     0  
CD009372     0  7222164      0  
CD009372     0  21990653     0  
CD009372     0  1950901      0  
CD009372     0  22264373     0  
CD009372     0  9843273      0  
CD009372     0  23165731     0  
CD009372     0  23664329     0  
CD009372     0  1251448      0  
CD009372     0  16984027     0  
CD009372     0  19194687     0  
CD009372     0  16871745     0  
CD009372     0  6533660      0  
CD009372     0  23708941     0  
CD009372     0  9684513      0  
CD009372     0  7120607      0  
CD009372     0  10159845     0  
CD009372     0  17032885     0  
CD009372     0  10805325     0  
CD009372     0  6533661      0  
CD009372     0  4011900      0  
CD009372     0  22051988     0  
CD009372     0  15588953     0  
CD009372     0  19571536     0  
CD009372     0  5834284      0  
CD009372     0  22578227     0  
CD009372     0  23361488     0  
CD009372     0  12546372     0  
CD009372     0  11901239     0  
CD009372     0  16012313     0  
CD009372     0  571975       0  
CD009372     0  1584361      0  
CD009372     0  1584363      0  
CD009372     0  19106494     0  
CD009372     0  19106495     0  
CD009372     0  2678596      0  
CD009372     0  2678595      0  
CD009372     0  17981672     0  
CD009372     0  8418537      0  
CD009372     0  9724122      0  
CD009372     0  23158716     0  
CD009372     0  17461175     0  
CD009372     0  6413319      0  
CD009372     0  10675652     0  
CD009372     0  9027064      0  
CD009372     0  18956695     0  
CD009372     0  10478344     0  
CD009372     0  15757025     0  
CD009372     0  19855924     0  
CD009372     0  20416949     0  
CD009372     0  10402090     0  
CD009372     0  22194363     0  
CD009372     0  10563633     0  
CD009372     0  17285104     0  
CD009372     0  10875129     0  
CD009372     0  2696305      0  
CD009372     0  19237904     0  
CD009372     0  22499839     0  
CD009372     0  22341666     0  
CD009372     0  22341667     0  
CD009372     0  7092431      0  
CD009372     0  22811207     0  
CD009372     0  23428238     0  
CD009372     0  19066744     0  
CD009372     0  21990506     0  
CD009372     0  9674030      0  
CD009372     0  7718868      0  
CD009372     0  22843754     0  
CD009372     0  20437558     0  
CD009372     0  12790284     0  
CD009372     0  21752651     0  
CD009372     0  17544573     0  
CD009372     0  22033807     0  
CD009372     0  8303765      0  
CD009372     0  23253809     0  
CD009372     0  20671384     0  
CD009372     0  20890761     0  
CD009372     0  21495812     0  
CD009372     0  12916556     0  
CD009372     0  3591482      0  
CD009372     0  10369348     0  
CD009372     0  7209301      0  
CD009372     0  1727311      0  
CD009372     0  15068515     0  
CD009372     0  16009882     0  
CD009372     0  8545780      0  
CD009372     0  8545781      0  
CD009372     0  15042405     0  
CD009372     0  8556608      0  
CD009372     0  22223244     0  
CD009372     0  15352595     0  
CD009372     0  12426741     0  
CD009372     0  20846980     0  
CD009372     0  6196460      0  
CD009372     0  8650718      0  
CD009372     0  8650719      0  
CD009372     0  7624643      0  
CD009372     0  17450369     0  
CD009372     0  19273826     0  
CD009372     0  7674503      0  
CD009372     0  200392       0  
CD009372     0  19703858     0  
CD009372     0  1726264      0  
CD009372     0  22689844     0  
CD009372     0  3785567      0  
CD009372     0  16643324     0  
CD009372     0  1538235      0  
CD009372     0  3700087      0  
CD009372     0  19705072     0  
CD009372     0  16956483     0  
CD009372     0  17936627     0  
CD009372     0  7889695      0  
CD009372     0  21862932     0  
CD009372     0  17878724     0  
CD009372     0  22532423     0  
CD009372     0  15229828     0  
CD009372     0  22562718     0  
CD009372     0  20849218     0  
CD009372     0  12238622     0  
CD009372     0  16052289     0  
CD009372     0  4088395      0  
CD009372     0  22068445     0  
CD009372     0  17882946     0  
CD009372     0  4088398      0  
CD009372     0  21905532     0  
CD009372     0  7304126      0  
CD009372     0  1609697      0  
CD009372     0  4047317      0  
CD009372     0  22089755     0  
CD009372     0  19343268     0  
CD009372     0  10587470     0  
CD009372     0  2718867      0  
CD009372     0  8357238      0  
CD009372     0  7969758      0  
CD009372     0  19440687     0  
CD009372     0  23269254     0  
CD009372     0  16385098     0  
CD009372     0  11748432     0  
CD009372     0  1331963      0  
CD009372     0  14615608     0  
CD009372     0  12717298     0  
CD009372     0  1987608      0  
CD009372     0  11507445     0  
CD009372     0  3245946      0  
CD009372     0  2781908      0  
CD009372     0  7168488      0  
CD009372     0  15508739     0  
CD009372     0  875498       0  
CD009372     0  1896123      0  
CD009372     0  11680519     0  
CD009372     0  21632193     0  
CD009372     0  17255428     0  
CD009372     0  1570076      0  
CD009372     0  3318787      0  
CD009372     0  15253544     0  
CD009372     0  15900095     0  
CD009372     0  19306644     0  
CD009372     0  11481858     0  
CD009372     0  9773641      0  
CD009372     0  19762703     0  
CD009372     0  7111998      0  
CD009372     0  22791182     0  
CD009372     0  11898086     0  
CD009372     0  14657322     0  
CD009372     0  4056807      0  
CD009372     0  21613762     0  
CD009372     0  23088945     1  
CD009372     0  17695781     0  
CD009372     0  1441417      0  
CD009372     0  7191951      0  
CD009372     0  22015965     0  
CD009372     0  8090273      0  
CD009372     0  9819505      0  
CD009372     0  19787719     0  
CD009372     0  6322550      0  
CD009372     0  11570235     0  
CD009372     0  16166579     0  
CD009372     0  16444445     0  
CD009372     0  1256646      0  
CD009372     0  21975501     0  
CD009372     0  10847654     0  
CD009372     0  21795863     0  
CD009372     0  23945642     0  
CD009372     0  1725812      0  
CD009372     0  6721349      0  
CD009372     0  8333305      0  
CD009372     0  15662247     0  
CD009372     0  9122836      0  
CD009372     0  14699177     0  
CD009372     0  7816180      0  
CD009372     0  9159379      0  
CD009372     0  18304581     0  
CD009372     0  7256114      0  
CD009372     0  14676045     0  
CD009372     0  7008035      0  
CD009372     0  20687364     0  
CD009372     0  3098068      0  
CD009372     0  22994214     0  
CD009372     0  20012004     0  
CD009372     0  10849036     0  
CD009372     0  14598647     0  
CD009372     0  12442080     0  
CD009372     0  8543270      0  
CD009372     0  19370353     0  
CD009372     0  11935041     0  
CD009372     0  18304033     0  
CD009372     0  15037474     0  
CD009372     0  13630066     0  
CD009372     0  6663351      0  
CD009372     0  22618152     0  
CD009372     0  12994443     0  
CD009372     0  17336341     0  
CD009372     0  21550251     0  
CD009372     0  16041183     0  
CD009372     0  10416234     0  
CD009372     0  9731629      0  
CD009372     0  10417892     0  
CD009372     0  20399676     0  
CD009372     0  10884463     0  
CD009372     0  12361650     0  
CD009372     0  12920974     0  
CD009372     0  21499160     0  
CD009372     0  3357569      0  
CD009372     0  22405630     0  
CD009372     0  3357564      0  
CD009372     0  19082996     0  
CD009372     0  3520375      0  
CD009372     0  8553412      0  
CD009372     0  9836762      0  
CD009372     0  21878694     0  
CD009372     0  21878697     0  
CD009372     0  9194425      0  
CD009372     0  9183354      0  
CD009372     0  17410714     0  
CD009372     0  16971611     0  
CD009372     0  8323820      0  
CD009372     0  3808196      0  
CD009372     0  10189496     0  
CD009372     0  2701912      0  
CD009372     0  1623238      0  
CD009372     0  1785979      0  
CD009372     0  21384275     0  
CD009372     0  9118149      0  
CD009372     0  15362199     0  
CD009372     0  8650720      0  
CD009372     0  8166011      0  
CD009372     0  6481384      0  
CD009372     0  9766041      0  
CD009372     0  21611726     0  
CD009372     0  21212661     0  
CD009372     0  22271362     0  
CD009372     0  10794291     0  
CD009372     0  20697149     0  
CD009372     0  10470812     0  
CD009372     0  10470817     1  
CD009372     0  18812685     0  
CD009372     0  4143216      0  
CD009372     0  9673972      0  
CD009372     0  3808231      0  
CD009372     0  20540601     0  
CD009372     0  16935647     0  
CD009372     0  16469956     0  
CD009372     0  2697262      0  
CD009372     0  10096327     0  
CD009372     0  12743859     0  
CD009372     0  21498167     0  
CD009372     0  16180701     0  
CD009372     0  7099381      0  
CD009372     0  11780889     0  
CD009372     0  15796382     0  
CD009372     0  17494652     0  
CD009372     0  20027582     0  
CD009372     0  1419338      0  
CD009372     0  9672028      0  
CD009372     0  11516709     0  
CD009372     0  1595250      0  
CD009372     0  16532336     0  
CD009372     0  11306760     0  
CD009372     0  16619844     0  
CD009372     0  7837706      0  
CD009372     0  23495805     0  
CD009372     0  17488785     0  
CD009372     0  5178335      0  
CD009372     0  15121233     0  
CD009372     0  16040918     0  
CD009372     0  3902437      0  
CD009372     0  21071532     0  
CD009372     0  8230914      0  
CD009372     0  22532547     0  
CD009372     0  10148432     0  
CD009372     0  9059045      0  
CD009372     0  20004607     0  
CD009372     0  21641006     0  
CD009372     0  21211386     0  
CD009372     0  17879020     0  
CD009372     0  8274095      0  
CD009372     0  20479649     0  
CD009372     0  10187876     0  
CD009372     0  22133742     0  
CD009372     0  19066008     0  
CD009372     0  22133741     0  
CD009372     0  21043182     0  
CD009372     0  8427107      0  
CD009372     0  4371492      0  
CD009372     0  8733963      0  
CD009372     0  8733962      0  
CD009372     0  12066899     0  
CD009372     0  129384       0  
CD009372     0  2688197      0  
CD009372     0  21980207     0  
CD009372     0  10764255     0  
CD009372     0  21349959     0  
CD009372     0  7818632      0  
CD009372     0  8602745      0  
CD009372     0  11127530     0  
CD009372     0  8771168      0  
CD009372     0  19342828     0  
CD009372     0  10804057     0  
CD009372     0  8105505      0  
CD009372     0  19813172     0  
CD009372     0  21347657     0  
CD009372     0  11377006     0  
CD009372     0  15254797     0  
CD009372     0  20483008     0  
CD009372     0  8832680      0  
CD009372     0  3437928      0  
CD009372     0  15073385     0  
CD009372     0  3561785      0  
CD009372     0  10548654     0  
CD009372     0  1944793      0  
CD009372     0  10548656     0  
CD009372     0  16723870     0  
CD009372     0  16018164     0  
CD009372     0  21227617     0  
CD009372     0  21227615     0  
CD009372     0  9864721      0  
CD009372     0  8738083      0  
CD009372     0  11396307     0  
CD009372     0  15549513     0  
CD009372     0  16091532     0  
CD009372     0  6836476      0  
CD009372     0  11205716     0  
CD009372     0  10975539     0  
CD009372     0  15140733     0  
CD009372     0  19650356     0  
CD009372     0  15054716     0  
CD009372     0  6409734      0  
CD009372     0  21436228     0  
CD009372     0  23010691     0  
CD009372     0  21094960     0  
CD009372     0  12750537     0  
CD009372     0  19642027     0  
CD009372     0  22281383     0  
CD009372     0  11354405     0  
CD009372     0  4902524      0  
CD009372     0  20881555     0  
CD009372     0  1511219      1  
CD009372     0  15261240     0  
CD009372     0  9781283      0  
CD009372     0  9266566      0  
CD009372     0  10407000     0  
CD009372     0  18446409     0  
CD009372     0  10361416     0  
CD009372     0  9259756      0  
CD009372     0  11440445     0  
CD009372     0  5008301      0  
CD009372     0  8877166      0  
CD009372     0  22104960     0  
CD009372     0  15764589     0  
CD009372     0  17254887     0  
CD009372     0  12803841     0  
CD009372     0  15912267     0  
CD009372     0  16670864     0  
CD009372     0  10189482     0  
CD009372     0  5834702      0  
CD009372     0  484276       0  
CD009372     0  7902999      0  
CD009372     0  3573823      0  
CD009372     0  11954867     0  
CD009372     0  23394535     0  
CD009372     0  22192555     0  
CD009372     0  9784953      0  
CD009372     0  2256445      0  
CD009372     0  15855137     0  
CD009372     0  18516978     0  
CD009372     0  21305868     0  
CD009372     0  22036475     0  
CD009372     0  16717235     0  
CD009372     0  3494026      0  
CD009372     0  1462589      0  
CD009372     0  22481194     0  
CD009372     0  11817482     0  
CD009372     0  16227907     0  
CD009372     0  16227908     0  
CD009372     0  11872897     0  
CD009372     0  9117934      0  
CD009372     0  7749081      0  
CD009372     0  19565185     0  
CD009372     0  22847527     0  
CD009372     0  15716626     0  
CD009372     0  19918208     0  
CD009372     0  3659959      0  
CD009372     0  19953061     0  
CD009372     0  1954367      0  
CD009372     0  22842208     0  
CD009372     0  8033163      0  
CD009372     0  20232671     0  
CD009372     0  21795066     0  
CD009372     0  3343606      0  
CD009372     0  2623531      0  
CD009372     0  2623536      0  
CD009372     0  9696090      0  
CD009372     0  3239254      0  
CD009372     0  1767045      0  
CD009372     0  11201650     0  
CD009372     0  18824679     0  
CD009372     0  21682149     0  
CD009372     0  10146205     0  
CD009372     0  17641273     0  
CD009372     0  10235014     0  
CD009372     0  19710006     0  
CD009372     0  9499220      0  
CD009372     0  21125475     0  
CD009372     0  21125477     0  
CD009372     0  1842783      0  
CD009372     0  16059697     0  
CD009372     0  14712403     0  
CD009372     0  17978598     0  
CD009372     0  12076942     0  
CD009372     0  23159510     0  
CD009372     0  19605654     0  
CD009372     0  12217683     0  
CD009372     0  21990840     0  
CD009372     0  8915761      0  
CD009372     0  21372573     0  
CD009372     0  4713049      0  
CD009372     0  17558454     0  
CD009372     0  17310288     0  
CD009372     0  23564127     0  
CD009372     0  11981069     0  
CD009372     0  21135554     0  
CD009372     0  17310285     0  
CD009372     0  19008469     0  
CD009372     0  993837       0  
CD009372     0  20350973     0  
CD009372     0  871004       0  
CD009372     0  6870612      0  
CD009372     0  3208228      0  
CD009372     0  20037134     0  
CD009372     0  9601953      0  
CD009372     0  9601957      0  
CD009372     0  12684998     0  
CD009372     0  21150642     0  
CD009372     0  23321171     0  
CD009372     0  12970520     0  
CD009372     0  2416213      0  
CD009372     0  20107775     0  
CD009372     0  17586010     0  
CD009372     0  18238913     0  
CD009372     0  19960272     0  
CD009372     0  8115646      0  
CD009372     0  22179658     0  
CD009372     0  22003048     0  
CD009372     0  15287488     0  
CD009372     0  7660407      0  
CD009372     0  22890017     0  
CD009372     0  8591577      0  
CD009372     0  7707476      0  
CD009372     0  18806975     0  
CD009372     0  3330209      0  
CD009372     0  7931586      0  
CD009372     0  506289       0  
CD009372     0  8678339      0  
CD009372     0  19997139     0  
CD009372     0  13555615     0  
CD009372     0  22683118     0  
CD009372     0  22120334     0  
CD009372     0  9808257      0  
CD009372     0  6426281      0  
CD009372     0  547184       0  
CD009372     0  1950905      0  
CD009372     0  18800633     0  
CD009372     0  21751105     0  
CD009372     0  11372556     0  
CD009372     0  10875112     0  
CD009372     0  15990044     0  
CD009372     0  22263392     0  
CD009372     0  21487222     0  
CD009372     0  12169479     0  
CD009372     0  11098637     0  
CD009372     0  19004542     0  
CD009372     0  713782       0  
CD009372     0  7779212      0  
CD009372     0  40442        0  
CD009372     0  7779217      0  
CD009372     0  21990532     0  
CD009372     0  21990534     0  
CD009372     0  20644280     0  
CD009372     0  594883       0  
CD009372     0  18634406     0  
CD009372     0  15261499     0  
CD009372     0  3935042      0  
CD009372     0  9504473      0  
CD009372     0  9332233      0  
CD009372     0  22030422     0  
CD009372     0  21030145     0  
CD009372     0  20970274     0  
CD009372     0  11546897     0  
CD009372     0  22698503     0  
CD009372     0  20813875     0  
CD009372     0  8695535      0  
CD009372     0  7740585      0  
CD009372     0  7699104      0  
CD009372     0  22747768     0  
CD009372     0  7415730      0  
CD009372     0  9763011      0  
CD009372     0  20617876     0  
CD009372     0  18635616     0  
CD009372     0  18635617     0  
CD009372     0  15060318     0  
CD009372     0  21088245     0  
CD009372     0  3748295      0  
CD009372     0  11458743     0  
CD009372     0  6483105      0  
CD009372     0  9724421      0  
CD009372     0  18518727     0  
CD009372     0  21767130     0  
CD009372     0  4089926      0  
CD009372     0  9039593      0  
CD009372     0  22311115     0  
CD009372     0  4089922      0  
CD009372     0  22905619     0  
CD009372     0  2272785      0  
CD009372     0  1465341      0  
CD009372     0  19938668     0  
CD009372     0  7283956      0  
CD009372     0  4691410      0  
CD009372     0  1537062      0  
CD009372     0  17290111     0  
CD009372     0  1537066      0  
CD009372     0  1537068      0  
CD009372     0  762711       0  
CD009372     0  12428352     0  
CD009372     0  22878870     0  
CD009372     0  1998890      0  
CD009372     0  11523685     0  
CD009372     0  9786614      1  
CD009372     0  8623965      0  
CD009372     0  8246060      0  
CD009372     0  21722830     0  
CD009372     0  11872886     0  
CD009372     0  11516475     0  
CD009372     0  9420435      0  
CD009372     0  18292380     0  
CD009372     0  1448823      0  
CD009372     0  18560818     0  
CD009372     0  18813932     0  
CD009372     0  1536636      0  
CD009372     0  18560816     0  
CD009372     0  15137614     0  
CD009372     0  11296888     0  
CD009372     0  17908658     0  
CD009372     0  23508276     0  
CD009372     0  2512776      0  
CD009372     0  10147850     0  
CD009372     0  8980743      0  
CD009372     0  8797947      0  
CD009372     0  20448426     0  
CD009372     0  19272513     0  
CD009372     0  21058041     0  
CD009372     0  23608872     0  
CD009372     0  1850162      0  
CD009372     0  11564264     0  
CD009372     0  660265       0  
CD009372     0  10602974     0  
CD009372     0  1922741      0  
CD009372     0  10470834     0  
CD009372     0  22245279     0  
CD009372     0  12436395     0  
CD009372     0  18387475     0  
CD009372     0  22251073     0  
CD009372     0  23615110     0  
CD009372     0  21125463     0  
CD009372     0  17705007     0  
CD009372     0  17288342     0  
CD009372     0  22538076     0  
CD009372     0  22538071     0  
CD009372     0  9596241      0  
CD009372     0  7354164      0  
CD009372     0  8827812      0  
CD009372     0  20380939     0  
CD009372     0  3419568      0  
CD009372     0  21915689     0  
CD009372     0  15693812     0  
CD009372     0  21571479     0  
CD009372     0  1886256      0  
CD009372     0  21990835     0  
CD009372     0  2369528      0  
CD009372     0  9733323      0  
CD009372     0  22728542     0  
CD009372     0  3678799      0  
CD009372     0  10464498     0  
CD009372     0  22712371     0  
CD009372     0  8757151      0  
CD009372     0  22318312     0  
CD009372     0  22974643     0  
CD009372     0  19209383     0  
CD009372     0  15957092     0  
CD009372     0  17964712     0  
CD009372     0  9147739      0  
CD009372     0  6621749      0  
CD009372     0  6621748      0  
CD009372     0  23706619     0  
CD009372     0  6981869      0  
CD009372     0  7130122      0  
CD009372     0  19124096     0  
CD009372     0  20824304     0  
CD009372     0  9701117      0  
CD009372     0  19244051     0  
CD009372     0  10507890     0  
CD009372     0  16794349     0  
CD009372     0  19428259     0  
CD009372     0  15101837     0  
CD009372     0  1631346      0  
CD009372     0  11024512     0  
CD009372     0  20980761     0  
CD009372     0  11024510     0  
CD009372     0  12692471     0  
CD009372     0  17940298     0  
CD009372     0  17940299     1  
CD009372     0  8506547      0  
CD009372     0  8800349      0  
CD009372     0  15306978     0  
CD009372     0  19119890     0  
CD009372     0  10690715     0  
CD009372     0  22234208     0  
CD009372     0  9316064      0  
CD009372     0  12378026     0  
CD009372     0  9368566      0  
CD009372     0  21750351     0  
CD009372     0  1355864      0  
CD009372     0  8002813      0  
CD009372     0  21849778     0  
CD009372     0  21849779     0  
CD009372     0  11283386     0  
CD009372     0  7915489      0  
CD009372     0  23128895     0  
CD009372     0  11428794     0  
CD009372     0  9445339      0  
CD009372     0  9664756      0  
CD009372     0  8211030      0  
CD009372     0  23334227     0  
CD009372     0  21482916     0  
CD009372     0  6839323      0  
CD009372     0  21346342     0  
CD009372     0  1244639      0  
CD009372     0  19126519     0  
CD009372     0  12802938     0  
CD009372     0  9449480      0  
CD009372     0  12500710     0  
CD009372     0  21270478     0  
CD009372     0  9045063      0  
CD009372     0  8929507      0  
CD009372     0  8061440      0  
CD009372     0  17210905     0  
CD009372     0  9561529      0  
CD009372     0  7829694      0  
CD009372     0  20813999     0  
CD009372     0  10358983     0  
CD009372     0  1776522      0  
CD009372     0  10358986     0  
CD009372     0  10148271     0  
CD009372     0  12869717     0  
CD009372     0  11424358     0  
CD009372     0  8752465      0  
CD009372     0  6392918      0  
CD009372     0  22393160     0  
CD009372     0  16551434     0  
CD009372     0  20885090     0  
CD009372     0  22118795     1  
CD009372     0  7873280      0  
CD009372     0  8609558      0  
CD009372     0  11980093     0  
CD009372     0  15026732     0  
CD009372     0  22102409     0  
CD009372     0  16044654     0  
CD009372     0  12621685     0  
CD009372     0  12695205     0  
CD009372     0  12833876     0  
CD009372     0  18945800     0  
CD009372     0  12695209     0  
CD009372     0  491922       0  
CD009372     0  3561741      0  
CD009372     0  14748402     0  
CD009372     0  9035944      0  
CD009372     0  10830193     0  
CD009372     0  14520544     0  
CD009372     0  22923358     0  
CD009372     0  16091517     0  
CD009372     0  9148875      0  
CD009372     0  7660393      0  
CD009372     0  11474808     0  
CD009372     0  15287364     0  
CD009372     0  16971800     0  
CD009372     0  3310746      0  
CD009372     0  23733000     0  
CD009372     0  11677889     0  
CD009372     0  10940421     0  
CD009372     0  542451       0  
CD009372     0  8711628      0  
CD009372     0  16717213     0  
CD009372     0  6362094      0  
CD009372     0  21206183     0  
CD009372     0  6717796      0  
CD009372     0  11449719     0  
CD009372     0  21206184     0  
CD009372     0  2938891      0  
CD009372     0  21707269     0  
CD009372     0  10072055     0  
CD009372     0  6855985      0  
CD009372     0  22182824     0  
CD009372     0  15981730     0  
CD009372     0  6696653      0  
CD009372     0  9567070      0  
CD009372     0  1616402      0  
CD009372     0  18155383     0  
CD009372     0  13193316     0  
CD009372     0  1407338      0  
CD009372     0  1282683      0  
CD009372     0  21975311     0  
CD009372     0  20852544     0  
CD009372     0  8607669      0  
CD009372     0  18166708     0  
CD009372     0  23615478     0  
CD009372     0  8421833      0  
CD009372     0  6431533      0  
CD009372     0  23526786     0  
CD009372     0  22743639     0  
CD009372     0  19831135     0  
CD009372     0  1577281      0  
CD009372     0  7769484      0  
CD009372     0  12879949     0  
CD009372     0  20825065     0  
CD009372     0  18824958     0  
CD009372     0  623534       0  
CD009372     0  16921244     0  
CD009372     0  2334307      0  
CD009372     0  19175034     0  
CD009372     0  7999442      0  
CD009372     0  16699848     0  
CD009372     0  21503806     0  
CD009372     0  1945782      0  
CD009372     0  8808967      0  
CD009372     0  11081268     0  
CD009372     0  16127257     0  
CD009372     0  17954376     0  
CD009372     0  20596870     0  
CD009372     0  6878091      0  
CD009372     0  11030125     0  
CD009372     0  9314705      0  
CD009372     0  10147939     0  
CD009372     0  12093133     0  
CD009372     0  10184167     0  
CD009372     0  2980426      0  
CD009372     0  19782403     0  
CD009372     0  2374649      0  
CD009372     0  20227278     1  
CD009372     0  20029193     0  
CD009372     0  1999689      0  
CD009372     0  15823683     0  
CD009372     0  11841715     0  
CD009372     0  1320503      0  
CD009372     0  10783554     0  
CD009372     0  12528009     0  
CD009372     0  7180613      0  
CD009372     0  20414856     0  
CD009372     0  10504850     0  
CD009372     0  17555581     0  
CD009372     0  19487896     0  
CD009372     0  10819267     0  
CD009372     0  10086500     0  
CD009372     0  23466430     0  
CD009372     0  12845202     0  
CD009372     0  22073608     0  
CD009372     0  23674525     0  
CD009372     0  11975086     0  
CD009372     0  16415201     0  
CD009372     0  9131032      0  
CD009372     0  21215581     0  
CD009372     0  11024509     0  
CD009372     0  9757295      0  
CD009372     0  9439774      0  
CD009372     0  22627088     0  
CD009372     0  16946154     0  
CD009372     0  7121733      0  
CD009372     0  1878867      0  
CD009372     0  19151021     0  
CD009372     0  18793887     0  
CD009372     0  11287160     0  
CD009372     0  10461508     0  
CD009372     0  1159498      0  
CD009372     0  9613497      0  
CD009372     0  17888012     0  
CD009372     0  7791948      0  
CD009372     0  22940230     0  
CD009372     0  18080806     0  
CD009372     0  2910922      0  
CD009372     0  2654588      0  
CD009372     0  2910928      0  
CD009372     0  20547633     0  
CD009372     0  7601395      0  
CD009372     0  3532436      0  
CD009372     0  9598677      0  
CD009372     0  9445320      0  
CD009372     0  16772847     0  
CD009372     0  975680       0  
CD009372     0  16455527     0  
CD009372     0  16455528     0  
CD009372     0  21830179     0  
CD009372     0  12810006     0  
CD009372     0  12072693     0  
CD009372     0  23444309     0  
CD009372     0  23769881     0  
CD009372     0  18227992     0  
CD009372     0  7931378      0  
CD009372     0  8650587      0  
CD009372     0  22499841     0  
CD009372     0  16340918     0  
CD009372     0  6835680      0  
CD009372     0  1712924      0  
CD009372     0  22032506     0  
CD009372     0  12234400     0  
CD009372     0  23572475     0  
CD009372     0  18444223     0  
CD009372     0  13912949     0  
CD009372     0  11504126     0  
CD009372     0  16957606     0  
CD009372     0  22410653     0  
CD009372     0  22285527     0  
CD009372     0  11518136     0  
CD009372     0  10746588     0  
CD009372     0  23406825     0  
CD009372     0  17011858     0  
CD009372     0  14592617     0  
CD009372     0  21507569     0  
CD009372     0  23803620     0  
CD009372     0  7886720      0  
CD009372     0  8873104      0  
CD009372     0  8867427      0  
CD009372     0  8873103      0  
CD009372     0  22904102     0  
CD009372     0  16546391     0  
CD009372     0  19950046     0  
CD009372     0  1701862      0  
CD009372     0  9322859      0  
CD009372     0  21140127     0  
CD009372     0  8131805      0  
CD009372     0  12699570     0  
CD009372     0  19299484     0  
CD009372     0  1498700      0  
CD009372     0  19066440     0  
CD009372     0  11350282     0  
CD009372     0  8377912      0  
CD009372     0  18395171     0  
CD009372     0  11677890     0  
CD009372     0  1633456      0  
CD009372     0  21389917     0  
CD009372     0  20110380     0  
CD009372     0  10883918     0  
CD009372     0  16369802     0  
CD009372     0  14965000     0  
CD009372     0  17729010     0  
CD009372     0  4002261      0  
CD009372     0  8350110      0  
CD009372     0  20450095     0  
CD009372     0  23889823     0  
CD009372     0  21336217     0  
CD009372     0  14606056     0  
CD009372     0  11755971     0  
CD009372     0  23693044     0  
CD009372     0  1815538      0  
CD009372     0  19996624     0  
CD009372     0  1392244      0  
CD009372     0  16915371     0  
CD009372     0  21121782     0  
CD009372     0  10891981     0  
CD009372     0  10891982     0  
CD009372     0  21121781     0  
CD009372     0  10360773     0  
CD009372     0  14734869     0  
CD009372     0  10037831     0  
CD009372     0  9589619      0  
CD009372     0  15782005     0  
CD009372     0  21555660     0  
CD009372     0  12511756     0  
CD009372     0  12748105     0  
CD009372     0  2234370      0  
CD009372     0  20425108     0  
CD009372     0  23001815     0  
CD009372     0  9394867      0  
CD009372     0  10598838     0  
CD009372     0  21667050     0  
CD009372     0  12619787     0  
CD009372     0  12364733     0  
CD009372     0  19381651     0  
CD009372     0  1434077      0  
CD009372     0  21720896     0  
CD009372     0  22721822     0  
CD009372     0  23286173     0  
CD009372     0  18787814     0  
CD009372     0  19247903     0  
CD009372     0  19171214     0  
CD009372     0  8488523      0  
CD009372     0  8124417      0  
CD009372     0  16174896     0  
CD009372     0  11452855     1  
CD009372     0  15798609     0  
CD009372     0  16797266     0  
CD009372     0  11740001     0  
CD009372     0  8851433      0  
CD009372     0  12577013     0  
CD009372     0  1117299      0  
CD009372     0  2164304      0  
CD009372     0  19433895     0  
CD009372     0  21982268     0  
CD009372     0  1468873      0  
CD009372     0  23639563     0  
CD009372     0  1730952      0  
CD009372     0  17320647     0  
CD009372     0  12133461     0  
CD009372     0  1538280      0  
CD009372     0  3895373      0  
CD009372     0  4089165      0  
CD009372     0  12070447     1  
CD009372     0  9186030      0  
CD009372     0  7477690      0  
CD009372     0  23013418     0  
CD009372     0  9186035      0  
CD009372     0  16229089     0  
CD009372     0  7868330      0  
CD009372     0  15050218     0  
CD009372     0  11752922     0  
CD009372     0  12409105     0  
CD009372     0  1997899      0  
CD009372     0  7967754      0  
CD009372     0  21680086     0  
CD009372     0  19847768     0  
CD009372     0  8519603      0  
CD009372     0  15257380     0  
CD009372     0  23860364     0  
CD009372     0  17562825     0  
CD009372     0  3725139      0  
CD009372     0  14571004     0  
CD009372     0  8839004      0  
CD009372     0  10535076     0  
CD009372     0  19378710     1  
CD009372     0  10774175     0  
CD009372     0  17187272     0  
CD009372     0  1734297      0  
CD009372     0  2062773      0  
CD009372     0  12792169     0  
CD009372     0  21219787     0  
CD009372     0  6756739      0  
CD009372     0  11972150     0  
CD009372     0  8596897      0  
CD009372     0  15273857     0  
CD009372     0  21990812     0  
CD009372     0  21990810     0  
CD009372     0  11905025     0  
CD009372     0  20108106     0  
CD009372     0  11314698     0  
CD009372     0  2367931      0  
CD009372     0  21399981     0  
CD009372     0  22234794     0  
CD009372     0  16575630     0  
CD009372     0  21789600     0  
CD009372     0  7159261      0  
CD009372     0  11823665     0  
CD009372     0  12868394     0  
CD009372     0  17514349     0  
CD009372     0  9493181      0  
CD009372     0  12657199     0  
CD009372     0  22377883     0  
CD009372     0  7753413      0  
CD009372     0  8796973      0  
CD009372     0  15514901     0  
CD009372     0  7570719      0  
CD009372     0  1564343      0  
CD009372     0  15971064     0  
CD009372     0  22418862     0  
CD009372     0  7425568      0  
CD009372     0  12750866     0  
CD009372     0  12234418     0  
CD009372     0  9974056      0  
CD009372     0  22198106     0  
CD009372     0  22198105     0  
CD009372     0  19401973     0  
CD009372     0  3364097      0  
CD009372     0  12956271     0  
CD009372     0  17416833     0  
CD009372     0  22377893     0  
CD009372     0  9830291      0  
CD009372     0  12111635     0  
CD009372     0  9280759      0  
CD009372     0  7954507      0  
CD009372     0  22566099     0  
CD009372     0  8160236      0  
CD009372     0  22499844     0  
CD009372     0  8328684      0  
CD009372     0  2031790      0  
CD009372     0  18942299     0  
CD009372     0  3300046      0  
CD009372     0  7560313      0  
CD009372     0  7121818      0  
CD009372     0  2719868      0  
CD009372     0  22162092     0  
CD009372     0  19907164     0  
CD009372     0  1503794      0  
CD009372     0  12741100     0  
CD009372     0  18518716     0  
CD009372     0  8459251      0  
CD009372     0  18518712     0  
CD009372     0  20339270     0  
CD009372     0  20339272     0  
CD009372     0  11462295     0  
CD009372     0  15895219     0  
CD009372     0  23223508     0  
CD009372     0  14978474     0  
CD009372     0  8271015      0  
CD009372     0  23269051     0  
CD009372     0  23269053     0  
CD009372     0  18508216     0  
CD009372     0  22618384     0  
CD009372     0  12684715     0  
CD009372     0  8866075      0  
CD009372     0  22934580     0  
CD009372     0  2484189      0  
CD009372     0  740145       0  
CD009372     0  19224118     0  
CD009372     0  4002273      0  
CD009372     0  5719266      0  
CD009372     0  19811796     0  
CD009372     0  1887732      0  
CD009372     0  11259939     0  
CD009372     0  19415170     0  
CD009372     0  1240606      0  
CD009372     0  7792014      0  
CD009372     0  22421254     0  
CD009372     0  23647568     0  
CD009372     0  11221340     0  
CD009372     0  12015847     0  
CD009372     0  16807679     0  
CD009372     0  21255395     0  
CD009372     0  22483970     0  
CD009372     0  2007950      0  
CD009372     0  10700512     0  
CD009372     0  20813994     0  
CD009372     0  9576671      0  
CD009372     0  10942023     0  
CD009372     0  4084910      0  
CD009372     0  9474281      0  
CD009372     0  19046043     0  
CD009372     0  11239176     0  
CD009372     0  9097617      0  
CD009372     0  16895099     0  
CD009372     0  18941721     0  
CD009372     0  22495769     0  
CD009372     0  12762892     0  
CD009372     0  7911776      0  
CD009372     0  10674542     0  
CD009372     0  15158221     0  
CD009372     0  14734920     0  
CD009372     0  10546742     0  
CD009372     0  11829833     0  
CD009372     0  9194426      0  
CD009372     0  9194427      0  
CD009372     0  23079406     0  
CD009372     0  10810973     0  
CD009372     0  458892       0  
CD009372     0  2399486      0  
CD009372     0  19766314     0  
CD009372     0  15968519     0  
CD009372     0  17893214     0  
CD009372     0  7566424      0  
CD009372     0  8523605      0  
CD009372     0  21376630     0  
CD009372     0  10148530     0  
CD009372     0  12452904     0  
CD009372     0  21273741     0  
CD009372     0  14669061     0  
CD009372     0  6640454      0  
CD009372     0  415559       0  
CD009372     0  7565039      0  
CD009372     0  17047324     0  
CD009372     0  23746383     0  
CD009372     0  5954636      0  
CD009372     0  22841286     0  
CD009372     0  1436415      0  
CD009372     0  2181079      0  
CD009372     0  3495813      0  
CD009372     0  8004740      0  
CD009372     0  19505702     0  
CD009372     0  11218636     0  
CD009372     0  11460184     0  
CD009372     0  19135722     0  
CD009372     0  11147881     0  
CD009372     0  8975512      0  
CD009372     0  8652145      0  
CD009372     0  1293982      0  
CD009372     0  1178865      0  
CD009372     0  20726761     0  
CD009372     0  13805864     0  
CD009372     0  2017931      0  
CD009372     0  122463       0  
CD009372     0  11720332     0  
CD009372     0  2612098      0  
CD009372     0  9592788      0  
CD009372     0  18377308     0  
CD009372     0  15771067     0  
CD009372     0  9566414      0  
CD009372     0  9592829      0  
CD009372     0  20387576     0  
CD009372     0  12595805     0  
CD009372     0  9600195      0  
CD009372     0  19833792     0  
CD009372     0  19026896     0  
CD009372     0  67199        0  
CD009372     0  2634086      0  
CD009372     0  2349537      0  
CD009372     0  8577507      0  
CD009372     0  18784605     0  
CD009372     0  11523689     0  
CD009372     0  9310967      0  
CD009372     0  2755231      0  
CD009372     0  471721       0  
CD009372     0  9051036      0  
CD009372     0  22385002     0  
CD009372     0  11108754     0  
CD009372     0  11108759     0  
CD009372     0  6875673      0  
CD009372     0  11255632     0  
CD009372     0  11063104     0  
CD009372     0  9800815      0  
CD009372     0  22807022     0  
CD009372     0  2396261      0  
CD009372     0  8227579      0  
CD009372     0  23859836     0  
CD009372     0  6440366      0  
CD009372     0  17546539     0  
CD009372     0  8692408      0  
CD009372     0  21805286     0  
CD009372     0  10149355     0  
CD009372     0  17322083     0  
CD009372     0  10940422     0  
CD009372     0  16373650     0  
CD009372     0  2283200      0  
CD009372     0  10150152     0  
CD009372     0  12805485     0  
CD009372     0  8426937      0  
CD009372     0  16801653     0  
CD009372     0  1641092      0  
CD009372     0  9280765      0  
CD009372     0  23065095     0  
CD009372     0  8267356      0  
CD009372     0  8267357      0  
CD009372     0  18402119     0  
CD009372     0  8267355      0  
CD009372     0  6636941      0  
CD009372     0  2345510      0  
CD009372     0  8009411      0  
CD009372     0  14723266     0  
CD009372     0  20422468     0  
CD009372     0  22721623     0  
CD009372     0  19641310     0  
CD009372     0  17414048     0  
CD009372     0  20813554     0  
CD009372     0  7604412      0  
CD009372     0  22770540     0  
CD009372     0  8784127      0  
CD009372     0  18573592     0  
CD009372     0  414122       0  
CD009372     0  11688694     0  
CD009372     0  19663337     0  
CD009372     0  10935245     0  
CD009372     0  8160280      0  
CD009372     0  159225       0  
CD009372     0  20632608     0  
CD009372     0  18323478     0  
CD009372     0  22975866     0  
CD009372     0  740153       0  
CD009372     0  12943592     0  
CD009372     0  740158       0  
CD009372     0  6856822      0  
CD009372     0  19787328     0  
CD009372     0  5172040      0  
CD009372     0  22386063     0  
CD009372     0  21761271     1  
CD009372     0  8120993      0  
CD009372     0  19118242     0  
CD009372     0  21132343     0  
CD009372     0  12931300     0  
CD009372     0  20471835     0  
CD009372     0  14440220     0  
CD009372     0  15227842     0  
CD009372     0  3055441      0  
CD009372     0  3808202      0  
CD009372     0  3258719      0  
CD009372     0  17092724     0  
CD009372     0  16093385     0  
CD009372     0  1546272      0  
CD009372     0  11950419     0  
CD009372     0  1492601      0  
CD009372     0  15045615     0  
CD009372     0  22422190     0  
CD009372     0  19364598     0  
CD009372     0  20609874     0  
CD009372     0  8634493      0  
CD009372     0  16678729     0  
CD009372     0  19159914     0  
CD009372     0  4898806      0  
CD009372     0  19286577     0  
CD009372     0  19772412     0  
CD009372     0  7857409      0  
CD009372     0  15209548     0  
CD009372     0  16956767     0  
CD009372     0  11248318     0  
CD009372     0  6464383      0  
CD009372     0  7965138      0  
CD009372     0  14706394     0  
CD009372     0  19720977     0  
CD009372     0  8553400      0  
CD009372     0  7134914      0  
CD009372     0  20648688     0  
CD009372     0  23965853     0  
CD009372     0  19686316     0  
CD009372     0  14752127     0  
CD009372     0  11387693     0  
CD009372     0  8255388      0  
CD009372     0  22209646     0  
CD009372     0  9099190      0  
CD009372     0  21273754     0  
CD009372     0  19289288     0  
CD009372     0  22099485     0  
CD009372     0  21474799     0  
CD009372     0  20551632     0  
CD009372     0  2482945      0  
CD009372     0  3974800      0  
CD009372     0  15662498     0  
CD009372     0  23824352     0  
CD009372     0  7572513      0  
CD009372     0  6621785      0  
CD009372     0  15760882     0  
CD009372     0  11103684     0  
CD009372     0  11857942     0  
CD009372     0  8133666      0  
CD009372     0  17084203     0  
CD009372     0  16612477     0  
CD009372     0  18342771     0  
CD009372     0  18379492     0  
CD009372     0  22677326     0  
CD009372     0  9117074      0  
CD009372     0  16267665     0  
CD009372     0  20563798     0  
CD009372     0  10540722     0  
CD009372     0  8766945      0  
CD009372     0  2798869      0  
CD009372     0  3875699      0  
CD009372     0  10203099     0  
CD009372     0  7885013      0  
CD009372     0  10102319     0  
CD009372     0  23091237     0  
CD009372     0  5904306      0  
CD009372     0  2665206      0  
CD009372     0  7719689      0  
CD009372     0  7351580      0  
CD009372     0  7064602      0  
CD009372     0  9297930      0  
CD009372     0  14976322     0  
CD009372     0  8770253      0  
CD009372     0  8770255      0  
CD009372     0  18496847     0  
CD009372     0  10866072     0  
CD009372     0  19208987     0  
CD009372     0  20450093     0  
CD009372     0  12898950     0  
CD009372     0  3431694      0  
CD009372     0  3652067      0  
CD009372     0  13429546     0  
CD009372     0  16594466     0  
CD009372     0  10229751     0  
CD009372     0  20950938     0  
CD009372     0  1933499      0  
CD009372     0  16611772     0  
CD009372     0  11305560     0  
CD009372     0  9459471      0  
CD009372     0  11548178     0  
CD009372     0  8126582      0  
CD009372     0  7808570      0  
CD009372     0  19910545     0  
CD009372     0  13204580     0  
CD009372     0  21371698     0  
CD009372     0  6521832      0  
CD009372     0  9570021      0  
CD009372     0  20098031     0  
CD009372     0  22729076     0  
CD009372     0  9442523      0  
CD009372     0  21279660     0  
CD009372     0  16094144     0  
CD009372     0  9629406      0  
CD009372     0  21778913     0  
CD009372     0  8905762      0  
CD009372     0  3614522      0  
CD009372     0  547047       0  
CD009372     0  9409437      0  
CD009372     0  18692899     0  
CD009372     0  1493079      0  
CD009372     0  22218611     0  
CD009372     0  17542541     0  
CD009372     0  10927903     0  
CD009372     0  21344968     0  
CD009372     0  7886718      0  
CD009372     0  20817467     0  
CD009372     0  18077946     0  
CD009372     0  12811633     0  
CD009372     0  21051516     0  
CD009372     0  1791131      0  
CD009372     0  20495396     0  
CD009372     0  19921556     0  
CD009372     0  9305319      0  
CD009372     0  2424544      0  
CD009372     0  17460507     0  
CD009372     0  23037567     0  
CD009372     0  21748499     0  
CD009372     0  18714806     0  
CD009372     0  17029345     0  
CD009372     0  16444306     0  
CD009372     0  21737309     0  
CD009372     0  1785389      0  
CD009372     0  9475254      0  
CD009372     0  7917085      0  
CD009372     0  7639123      0  
CD009372     0  23142024     0  
CD009372     0  19575131     0  
CD009372     0  8058940      0  
CD009372     0  21611795     0  
CD009372     0  19213819     0  
CD009372     0  19707002     0  
CD009372     0  21960495     0  
CD009372     0  17427495     0  
CD009372     0  12812954     0  
CD009372     0  11967595     0  
CD009372     0  3062481      0  
CD009372     0  2315772      0  
CD009372     0  6012486      0  
CD009372     0  18975526     0  
CD009372     0  2468916      0  
CD009372     0  8459917      0  
CD009372     0  17918525     0  
CD009372     0  16565850     0  
CD009372     0  17323900     0  
CD009372     0  21640295     0  
CD009372     0  21640296     0  
CD009372     0  22736216     0  
CD009372     0  20931239     0  
CD009372     0  19342546     1  
CD009372     0  1644879      0  
CD009372     0  7133333      0  
CD009372     0  4682980      0  
CD009372     0  1220643      0  
CD009372     0  3515980      0  
CD009372     0  15045609     0  
CD009372     0  6504258      0  
CD009372     0  1346828      0  
CD009372     0  5767613      0  
CD009372     0  22364941     0  
CD009372     0  16286391     0  
CD009372     0  11201540     0  
CD009372     0  22824687     1  
CD009372     0  18272122     0  
CD009372     0  19329852     0  
CD009372     0  22367453     0  
CD009372     0  16841210     0  
CD009372     0  2662400      0  
CD009372     0  8773268      0  
CD009372     0  7966069      0  
CD009372     0  19508983     0  
CD009372     0  7444404      0  
CD009372     0  20039076     0  
CD009372     0  21640612     0  
CD009372     0  8672775      0  
CD009372     0  18065505     0  
CD009372     0  20805650     0  
CD009372     0  9596238      0  
CD009372     0  6336217      0  
CD009372     0  11157554     0  
CD009372     0  15912770     0  
CD009372     0  18460783     0  
CD009372     0  7754116      0  
CD009372     0  1561335      0  
CD009372     0  7445685      0  
CD009372     0  22787001     0  
CD009372     0  16328476     0  
CD009372     0  8092031      0  
CD009372     0  8092035      0  
CD009372     0  1457008      0  
CD009372     0  2311610      0  
CD009372     0  8200146      0  
CD009372     0  12474730     0  
CD009372     0  9796005      0  
CD009372     0  20027573     0  
CD009372     0  13776245     0  
CD009372     0  8430372      0  
CD009372     0  16883176     0  
CD009372     0  23175672     0  
CD009372     0  16001811     0  
CD009372     0  9228109      0  
CD009372     0  8539440      0  
CD009372     0  1285924      0  
CD009372     0  8033471      0  
CD009372     0  6637284      0  
CD009372     0  6624557      0  
CD009372     0  9495789      0  
CD009372     0  463056       0  
CD009372     0  9157481      0  
CD009372     0  21482145     0  
CD009372     0  17147956     0  
CD009372     0  7853026      0  
CD009372     0  1542889      0  
CD009372     0  20124736     0  
CD009372     0  17028838     0  
CD009372     0  8273698      0  
CD009372     0  5097783      0  
CD009372     0  10440035     0  
CD009372     0  3808168      0  
CD009372     0  9332232      0  
CD009372     0  11065268     0  
CD009372     0  7731504      0  
CD009372     0  7813170      0  
CD009372     0  19934568     0  
CD009372     0  9627654      0  
CD009372     0  19165955     0  
CD009372     0  16500538     0  
CD009372     0  571560       0  
CD009372     0  13677803     0  
CD009372     0  22749486     0  
CD009372     0  17110680     0  
CD009372     0  1579977      0  
CD009372     0  1752182      0  
CD009372     0  7974558      0  
CD009372     0  23214023     0  
CD009372     0  6179227      0  
CD009372     0  19472410     0  
CD009372     0  1510352      0  
CD009372     0  10412198     0  
CD009372     0  16159090     0  
CD009372     0  12682329     0  
CD009372     0  14628117     0  
CD009372     0  22321368     0  
CD009372     0  19779285     0  
CD009372     0  21636817     0  
CD009372     0  18280091     0  
CD009372     0  17674417     0  
CD009372     0  23830589     0  
CD009372     0  14593630     0  
CD009372     0  3211246      0  
CD009372     0  21316169     0  
CD009372     0  10719870     0  
CD009372     0  7618571      0  
CD009372     0  4080128      0  
CD009372     0  21182123     0  
CD009372     0  23664398     0  
CD009372     0  7858919      0  
CD009372     0  17583606     0  
CD009372     0  3232457      0  
CD009372     0  9803955      0  
CD009372     0  20680650     0  
CD009372     0  21511496     0  
CD009372     0  18836384     0  
CD009372     0  1681340      0  
CD009372     0  22268092     0  
CD009372     0  3043102      0  
CD009372     0  10372333     0  
CD009372     0  9401651      0  
CD009372     0  15805660     0  
CD009372     0  16334846     1  
CD009372     0  17448536     0  
CD009372     0  22186849     0  
CD009372     0  15275923     0  
CD009372     0  664702       0  
CD009372     0  20836782     0  
CD009372     0  9405772      0  
CD009372     0  23542797     0  
CD009372     0  8714485      0  
CD009372     0  16484413     0  
CD009372     0  17533973     0  
CD009372     0  21998314     0  
CD009372     0  10563118     0  
CD009372     0  17397909     0  
CD009372     0  2614971      0  
CD009372     0  11900996     0  
CD009372     0  23055088     0  
CD009372     0  9668179      0  
CD009372     0  11039340     0  
CD009372     0  8784148      0  
CD009372     0  21550961     0  
CD009372     0  9836780      0  
CD009372     0  19213820     0  
CD009372     0  23542422     0  
CD009372     0  16182009     0  
CD009372     0  11056969     0  
CD009372     0  21088087     0  
CD009372     0  21574114     0  
CD009372     0  7491188      0  
CD009372     0  18599195     0  
CD009372     0  6726269      0  
CD009372     0  7424619      0  
CD009372     0  3764957      0  
CD009372     0  19517346     0  
CD009372     0  16968980     0  
CD009372     0  21088241     1  
CD009372     0  17707477     0  
CD009372     0  19364600     0  
CD009372     0  9465957      0  
CD009372     0  15237729     0  
CD009372     0  10191820     0  
CD009372     0  8837081      0  
CD009372     0  15633365     0  
CD009372     0  17121694     0  
CD009372     0  19187480     0  
CD009372     0  20548036     0  
CD009372     0  1529849      0  
CD009372     0  3974900      0  
CD009372     0  16217077     0  
CD009372     0  9576644      0  
CD009372     0  6595871      0  
CD009372     0  14504847     0  
CD009372     0  6397697      0  
CD009372     0  20029781     0  
CD009372     0  23751744     0  
CD009372     0  8078609      0  
CD009372     0  20953221     0  
CD009372     0  20603085     0  
CD009372     0  18975608     0  
CD009372     0  3525871      0  
CD009372     0  14968401     0  
CD009372     0  18683113     0  
CD009372     0  1339749      0  
CD009372     0  2781953      0  
CD009372     0  9402677      0  
CD009372     0  11951264     0  
CD009372     0  22996749     0  
CD009372     0  16532132     0  
CD009372     0  18637225     0  
CD009372     0  10727486     0  
CD009372     0  3601084      0  
CD009372     0  21123988     0  
CD009372     0  19164797     0  
CD009372     0  22674700     0  
CD009372     0  9251456      0  
CD009372     0  18409408     0  
CD009372     0  3923954      0  
CD009372     0  19940660     0  
CD009372     0  21640609     0  
CD009372     0  23615379     0  
CD009372     0  20805649     0  
CD009372     0  10721523     0  
CD009372     0  21129599     0  
CD009372     0  1926245      0  
CD009372     0  9316057      0  
CD009372     0  2264073      0  
CD009372     0  8913083      0  
CD009372     0  23830912     0  
CD009372     0  23615086     0  
CD009372     0  23314882     0  
CD009372     0  12458439     0  
CD009372     0  20451010     0  
CD009372     0  12472213     0  
CD009372     0  16331160     0  
CD009372     0  7423573      0  
CD009372     0  7654410      0  
CD009372     0  17924220     0  
CD009372     0  9194542      0  
CD009372     0  8565799      0  
CD009372     0  8969807      0  
CD009372     0  19363637     0  
CD009372     0  17469598     0  
CD009372     0  19193746     1  
CD009372     0  12774157     0  
CD009372     0  12483445     0  
CD009372     0  21807345     0  
CD009372     0  2667572      0  
CD009372     0  7202440      0  
CD009372     0  8636803      0  
CD009372     0  7716604      0  
CD009372     0  1636530      0  
CD009372     0  18439929     0  
CD009372     0  932381       0  
CD009372     0  2369532      0  
CD009372     0  12823895     0  
CD009372     0  21442557     0  
CD009372     0  17087268     0  
CD009372     0  9258920      0  
CD009372     0  628067       0  
CD009372     0  21691757     0  
CD009372     0  15105978     1  
CD009372     0  1467579      0  
CD009372     0  23498376     0  
CD009372     0  23544266     0  
CD009372     0  4010926      0  
CD009372     0  8676838      0  
CD009372     0  1579960      0  
CD009372     0  21483117     0  
CD009372     0  9186034      0  
CD009372     0  9352812      0  
CD009372     0  8314676      0  
CD009372     0  8926843      0  
CD009372     0  11118573     0  
CD009372     0  11086808     0  
CD009372     0  2406686      0  
CD009372     0  8837799      0  
CD009372     0  463458       0  
CD009372     0  19028009     0  
CD009372     0  8641094      0  
CD009372     0  18639995     0  
CD009372     0  20636713     0  
CD009372     0  23417929     0  
CD009372     0  18572343     0  
CD009372     0  22928845     0  
CD009372     0  8492870      0  
CD009372     0  3965754      0  
CD009372     0  19398859     0  
CD009372     0  19398858     0  
CD009372     0  15845114     0  
CD009372     0  12536503     0  
CD009372     0  7570753      0  
CD009372     0  21489706     0  
CD009372     0  7713091      0  
CD009372     0  22958770     0  
CD009372     0  17895775     0  
CD009372     0  3762861      0  
CD009372     0  7724764      0  
CD009372     0  7394182      0  
CD009372     0  3077270      0  
CD009372     0  18300898     0  
CD009372     0  207087       0  
CD009372     0  17050515     0  
CD009372     0  22669554     0  
CD009372     0  8153528      0  
CD009372     0  20075341     0  
CD009372     0  8571529      0  
CD009372     0  22247057     0  
CD009372     0  10094357     0  
CD009372     0  12768254     1  
CD009372     0  23619699     0  
CD009372     0  1782619      0  
CD009372     0  13329365     0  
CD009372     0  16723899     0  
CD009372     0  1289741      0  
CD009372     0  17453179     0  
CD009372     0  12536290     0  
CD009372     0  15055330     0  
CD009372     0  7754850      0  
CD009372     0  1633485      0  
CD009372     0  21540618     0  
CD009372     0  23178785     0  
CD009372     0  23582984     0  
CD009372     0  16450385     0  
CD009372     0  17066483     0  
CD009372     0  3173668      0  
CD009372     0  7283283      0  
CD009372     0  16607535     0  
CD009372     0  23014950     0  
CD009372     0  16826319     0  
CD009372     0  9045973      0  
CD009372     0  3735529      0  
CD009372     0  10659015     0  
CD009372     0  8928427      0  
CD009372     0  19830465     0  
CD009372     0  2025504      0  
CD009372     0  19322683     0  
CD009372     0  8965272      0  
CD009372     0  9576637      0  
CD009372     0  11153891     0  
CD009372     0  6170740      0  
CD009372     0  1484597      0  
CD009372     0  17116208     0  
CD009372     0  3941339      0  
CD009372     0  15506314     0  
CD009372     0  9813400      0  
CD009372     0  21493767     0  
CD009372     0  6504292      0  
CD009372     0  1786128      0  
CD009372     0  19035724     0  
CD009372     0  7502958      0  
CD009372     0  18458859     0  
CD009372     0  16808217     0  
CD009372     0  19319475     0  
CD009372     0  19945250     0  
CD009372     0  23212660     0  
CD009372     0  1632359      0  
CD009372     0  9420433      0  
CD009372     0  17966624     0  
CD009372     0  13095555     0  
CD009372     0  16230852     0  
CD009372     0  11321976     0  
CD009372     0  21143549     0  
CD009372     0  11013654     0  
CD009372     0  5381268      0  
CD009372     0  9511336      0  
CD009372     0  23803616     0  
CD009372     0  8166009      0  
CD009372     0  10214732     0  
CD009372     0  12816270     0  
CD009372     0  12525742     0  
CD009372     0  21493907     0  
CD009372     0  1027062      0  
CD009372     0  8848684      0  
CD009372     0  12476574     0  
CD009372     0  19542053     0  
CD009372     0  21350201     0  
CD009372     0  17277557     0  
CD009372     0  15734507     0  
CD009372     0  9525710      0  
CD009372     0  9133064      0  
CD009372     0  9525712      0  
CD009372     0  12633951     0  
CD009372     0  12633950     0  
CD009372     0  10148579     0  
CD009372     0  23498563     0  
CD009372     0  20920934     0  
CD009372     0  10927905     0  
CD009372     0  8454743      0  
CD009372     0  7413010      0  
CD009372     0  11834281     0  
CD009372     0  22727622     0  
CD009372     0  18941943     0  
CD009372     0  10418588     0  
CD009372     0  3725143      0  
CD009372     0  22109300     0  
CD009372     0  9227692      0  
CD009372     0  19556352     0  
CD009372     0  19556353     0  
CD009372     0  19763060     0  
CD009372     0  6646386      0  
CD009372     0  18220013     0  
CD009372     0  9591571      0  
CD009372     0  7748357      0  
CD009372     0  2031074      0  
CD009372     0  23124643     0  
CD009372     0  18655265     0  
CD009372     0  22548929     1  
CD009372     0  8644951      0  
CD009372     0  21212995     0  
CD009372     0  22170079     0  
CD009372     0  22784396     0  
CD009372     0  14568138     0  
CD009372     0  4660116      0  
CD009372     0  17652917     0  
CD009372     0  15462362     0  
CD009372     0  15157293     0  
CD009372     0  12702840     0  
CD009372     0  20036151     0  
CD009372     0  6475574      0  
CD009372     0  23662820     0  
CD009372     0  8971842      0  
CD009372     0  23403328     0  
CD009372     0  17974608     0  
CD009372     0  7484596      0  
CD009372     0  4619849      0  
CD009372     0  18645217     0  
CD009372     0  9760560      0  
CD009372     0  9588851      0  
CD009372     0  19474117     0  
CD009372     0  2282894      0  
CD009372     0  8046915      0  
CD009372     0  17965565     0  
CD009372     0  1419090      0  
CD009372     0  17520627     0  
CD009372     0  23102529     0  
CD009372     0  22095695     0  
CD009372     0  8492865      0  
CD009372     0  8492860      0  
CD009372     0  2390370      0  
CD009372     0  2961755      0  
CD009372     0  2718199      0  
CD009372     0  7497303      0  
CD009372     0  9442518      0  
CD009372     0  10214733     0  
CD009372     0  12239982     0  
CD009372     0  22961960     0  
CD009372     0  2366074      0  
CD009372     0  6740477      0  
CD009372     0  19779000     0  
CD009372     0  22958768     0  
CD009372     0  8613833      0  
CD009372     0  2336144      0  
CD009372     0  6605348      0  
CD009372     0  23736000     0  
CD009372     0  11913605     0  
CD009372     0  6204665      0  
CD009372     0  14505854     0  
CD009372     0  10081777     0  
CD009372     0  7584251      0  
CD009372     0  10697230     0  
CD009372     0  7584255      0  
CD009372     0  17709084     0  
CD009372     0  22453044     0  
CD009372     0  223522       0  
CD009372     0  2024274      0  
CD009372     0  16708323     0  
CD009372     0  22128271     0  
CD009372     0  16528129     0  
CD009372     0  19472612     0  
CD009372     0  21868620     0  
CD009372     0  10094346     0  
CD009372     0  16687543     0  
CD009372     0  22241393     0  
CD009372     0  14625234     0  
CD009372     0  1489676      0  
CD009372     0  8434886      0  
CD009372     0  9840033      0  
CD009372     0  19235442     0  
CD009372     0  16910500     0  
CD009372     0  3598117      0  
CD009372     0  21565507     0  
CD009372     0  9535306      0  
CD009372     0  9810821      0  
CD009372     0  14655034     0  
CD009372     0  23986887     0  
CD009372     0  8651876      0  
CD009372     0  3581848      0  
CD009372     0  14744279     0  
CD009372     0  18953532     0  
CD009372     0  2012489      0  
CD009372     0  17372123     0  
CD009372     0  1766543      0  
CD009372     0  7938769      0  
CD009372     0  15044743     0  
CD009372     0  11219912     0  
CD009372     0  16944161     0  
CD009372     0  10399263     0  
CD009372     0  22567808     0  
CD009372     0  17050521     0  
CD009372     0  19840882     0  
CD009372     0  6741373      0  
CD009372     0  20660506     0  
CD009372     0  20660505     0  
CD009372     0  22998806     0  
CD009372     0  22402860     0  
CD009372     0  16929579     0  
CD009372     0  9804630      0  
CD009372     0  6945034      0  
CD009372     0  7717375      0  
CD009372     0  22297913     0  
CD009372     0  14643914     0  
CD009372     0  21998110     0  
CD009372     0  6658903      0  
CD009372     0  1857782      0  
CD009372     0  11988908     0  
CD009372     0  7800126      0  
CD009372     0  19132425     1  
CD009372     0  4719708      0  
CD009372     0  8190927      0  
CD009372     0  6462338      0  
CD009372     0  22473742     0  
CD009372     0  19557570     0  
CD009372     0  13150280     0  
CD009372     0  23938115     0  
CD009372     0  23615579     0  
CD009372     0  22343271     0  
CD009372     0  23064627     0  
CD009372     0  16940718     0  
CD009372     0  10433293     0  
CD009372     0  560641       0  
CD009372     0  5112703      0  
CD009372     0  11234662     0  
CD009372     0  14968262     0  
CD009372     0  3944523      0  
CD009372     0  19711257     0  
CD009372     0  15797186     0  
CD009372     0  6228099      0  
CD009372     0  11452501     0  
CD009372     0  21464569     0  
CD009372     0  9202770      0  
CD009372     0  11593282     0  
CD009372     0  2031477      0  
CD009372     0  8657880      0  
CD009372     0  8169611      0  
CD009372     0  22550310     0  
CD009372     0  12886888     0  
CD009372     0  19394183     0  
CD009372     0  9810935      0  
CD009372     0  15090343     0  
CD009372     0  21447850     0  
CD009372     0  1288972      0  
CD009372     0  23336261     0  
CD009372     0  16770665     0  
CD009372     0  2611882      0  
CD009372     0  19035712     1  
CD009372     0  17720199     0  
CD009372     0  8752466      0  
CD009372     0  12591647     0  
CD009372     0  6535169      0  
CD009372     0  8857753      0  
CD009372     0  20307787     0  
CD009372     0  9888768      0  
CD009372     0  22884137     0  
CD009372     0  9218304      0  
CD009372     0  7323306      0  
CD009372     0  19467872     0  
CD009372     0  19176954     0  
CD009372     0  3962749      0  
CD009372     0  15708227     0  
CD009372     0  1881535      0  
CD009372     0  21125350     0  
CD009372     0  11872917     0  
CD009372     0  9798246      0  
CD009372     0  12736768     0  
CD009372     0  9577714      0  
CD009372     0  1670036      0  
CD009372     0  8985069      0  
CD009372     0  1739604      0  
CD009372     0  22548931     0  
CD009372     0  19585123     0  
CD009372     0  10681705     0  
CD009372     0  9951019      0  
CD009372     0  9951016      0  
CD009372     0  16326274     0  
CD009372     0  17586241     0  
CD009372     0  15845049     0  
CD009372     0  3731170      0  
CD009372     0  6738800      0  
CD009372     0  3489933      0  
CD009372     0  12378995     0  
CD009372     0  9809629      0  
CD009372     0  3219243      0  
CD009372     0  23449655     0  
CD009372     0  2645691      0  
CD009372     0  21808219     0  
CD009372     0  301652       0  
CD009372     0  18377242     0  
CD009372     0  16540331     0  
CD009372     0  15106337     0  
CD009372     0  15106336     0  
CD009372     0  15799812     0  
CD009372     0  16794181     0  
CD009372     0  16483279     0  
CD009372     0  12409180     0  
CD009372     0  22695125     0  
CD009372     0  15605820     0  
CD009372     0  12805502     0  
CD009372     0  19724301     0  
CD009372     0  11340317     0  
CD009372     0  19370308     0  
CD009372     0  20220744     0  
CD009372     0  3725148      0  
CD009372     0  15569748     0  
CD009372     0  13679278     0  
CD009372     0  19318736     0  
CD009372     0  3430450      0  
CD009372     0  6728143      0  
CD009372     0  1886258      0  
CD009372     0  22918938     0  
CD009372     0  15448907     0  
CD009372     0  9049450      0  
CD009372     0  7629567      0  
CD009372     0  13631454     0  
CD009372     0  6470783      0  
CD009372     0  17805499     0  
CD009372     0  201415       0  
CD009372     0  3724974      0  
CD009372     0  11181854     0  
CD009372     0  12582941     0  
CD009372     0  6410782      0  
CD009372     0  22700746     0  
CD009372     0  15046671     0  
CD009372     0  18757218     0  
CD009372     0  19517117     0  
CD009372     0  17946485     0  
CD009372     0  17667108     0  
CD009372     0  11147323     0  
CD009372     0  1636180      0  
CD009372     0  8204251      0  
CD009372     0  9774750      0  
CD009372     0  20532584     0  
CD009372     0  17917723     0  
CD009372     0  9007878      0  
CD009372     0  6247579      0  
CD009372     0  1766539      0  
CD009372     0  10971665     0  
CD009372     0  12169481     0  
CD009372     0  11462307     0  
CD009372     0  10628232     0  
CD009372     0  15645155     0  
CD009372     0  18797317     0  
CD009372     0  18349854     0  
CD009372     0  6348218      0  
CD009372     0  17219826     0  
CD009372     0  9833891      0  
CD009372     0  20947643     0  
CD009372     0  9227679      0  
CD009372     0  14504879     0  
CD009372     0  831400       0  
CD009372     0  21696650     0  
CD009372     0  22302557     0  
CD009372     0  21111128     0  
CD009372     0  12063222     0  
CD009372     0  15165128     0  
CD009372     0  11984472     0  
CD009372     0  11734989     0  
CD009372     0  19834014     0  
CD009372     0  1355892      0  
CD009372     0  9883445      0  
CD009372     0  9836754      0  
CD009372     0  16915122     0  
CD009372     0  8512504      0  
CD009372     0  18812940     0  
CD009372     0  15255268     0  
CD009372     0  10979263     0  
CD009372     0  18091258     0  
CD009372     0  15715000     0  
CD009372     0  16489468     1  
CD009372     0  10871004     0  
CD009372     0  9929551      0  
CD009372     0  19021843     0  
CD009372     0  13701466     0  
CD009372     0  9206852      0  
CD009372     0  15951406     0  
CD009372     0  10642989     0  
CD009372     0  929652       0  
CD009372     0  7850152      0  
CD009372     0  10665861     0  
CD009372     0  18035241     0  
CD009372     0  23292530     0  
CD009372     0  10471517     0  
CD009372     0  10652762     0  
CD009372     0  11064872     0  
CD009372     0  21122027     0  
CD009372     0  2615883      0  
CD009372     0  1999776      0  
CD009372     0  14669530     0  
CD009372     0  12637295     0  
CD009372     0  2353094      0  
CD009372     0  19893001     0  
CD009372     0  3587479      0  
CD009372     0  20688343     0  
CD009372     0  22905952     0  
CD009372     0  18759582     0  
CD009372     0  20360343     0  
CD009372     0  2918970      0  
CD009372     0  2280814      0  
CD009372     0  16447742     0  
CD009372     0  15703900     0  
CD009372     0  15192245     0  
CD009372     0  10379591     0  
CD009372     0  16231425     0  
CD009372     0  22008898     0  
CD009372     0  2301799      0  
CD009372     0  15295399     0  
CD009372     0  7514752      0  
CD009372     0  479938       0  
CD009372     0  2798835      0  
CD009372     0  1252166      0  
CD009372     0  16841709     0  
CD009372     0  8410246      0  
CD009372     0  4431667      0  
CD009372     0  10565875     0  
CD009372     0  16342911     0  
CD009372     0  23880570     0  
CD009372     0  17920229     0  
CD009372     0  1297551      0  
CD009372     0  2950690      0  
CD009372     0  3895593      0  
CD009372     0  22467936     0  
CD009372     0  10550382     0  
CD009372     0  7222156      0  
CD009372     0  6881442      0  
CD009372     0  10550384     0  
CD009372     0  21466929     0  
CD009372     0  3780266      0  
CD009372     0  10377827     0  
CD009372     0  8751488      0  
CD009372     0  8361576      0  
CD009372     0  17229873     0  
CD009372     0  9874591      0  
CD009372     0  18619779     0  
CD009372     0  8338918      0  
CD009372     0  18482372     0  
CD009372     0  9626183      0  
CD009372     0  1296734      0  
CD009372     0  17445624     0  
CD009372     0  16941427     0  
CD009372     0  21332288     0  
CD009372     0  16941425     0  
CD009372     0  7611032      0  
CD009372     0  11565879     0  
CD009372     0  11775535     0  
CD009372     0  2717754      0  
CD009372     0  15580489     0  
CD009372     0  22577751     0  
CD009372     0  22345142     0  
CD009372     0  15714963     0  
CD009372     0  11142626     0  
CD009372     0  8657884      0  
CD009372     0  11903121     0  
CD009372     0  6633813      0  
CD009372     0  11176220     0  
CD009372     0  10063389     0  
CD009372     0  23370480     0  
CD009372     0  8990474      0  
CD009372     0  19013816     0  
CD009372     0  7034508      0  
CD009372     0  17436187     0  
CD009372     0  10493371     0  
CD009372     0  3982599      0  
CD009372     0  14513785     0  
CD009372     0  2360268      0  
CD009372     0  20404380     0  
CD009372     0  2764817      0  
CD009372     0  17609642     0  
CD009372     0  16133271     0  
CD009372     0  11305772     0  
CD009372     0  7815871      0  
CD009372     0  11806111     0  
CD009372     0  7435219      0  
CD009372     0  8279281      0  
CD009372     0  8192080      0  
CD009372     0  12747100     0  
CD009372     0  15915365     0  
CD009372     0  5124359      0  
CD009372     0  8239466      0  
CD009372     0  7168178      0  
CD009372     0  14618806     0  
CD009372     0  23803206     0  
CD009372     0  8434514      0  
CD009372     0  11935060     0  
CD009372     0  20448014     0  
CD009372     0  2213377      0  
CD009372     0  8677008      0  
CD009372     0  3131146      0  
CD009372     0  8140370      0  
CD009372     0  22480937     0  
CD009372     0  22211853     0  
CD009372     0  15691788     0  
CD009372     0  20935079     0  
CD009372     0  7231764      0  
CD009372     0  12244474     0  
CD009372     0  7008121      0  
CD009372     0  1603219      0  
CD009372     0  20437562     0  
CD009372     0  21541687     0  
