CD009551     0  18608893     0  
CD009551     0  15237292     0  
CD009551     0  8239169      0  
CD009551     0  20072605     0  
CD009551     0  26065322     0  
CD009551     0  26047046     0  
CD009551     0  21598928     0  
CD009551     0  25713980     0  
CD009551     0  14665453     0  
CD009551     0  25063549     0  
CD009551     0  14963824     0  
CD009551     0  15752350     0  
CD009551     0  24459772     0  
CD009551     0  21947326     0  
CD009551     0  23686776     0  
CD009551     0  22971327     0  
CD009551     0  7619488      0  
CD009551     0  24550444     0  
CD009551     0  10846218     0  
CD009551     0  11306922     0  
CD009551     0  24990760     0  
CD009551     0  23725402     1  
CD009551     0  20827189     0  
CD009551     0  19591888     0  
CD009551     0  23588332     0  
CD009551     0  10993142     0  
CD009551     0  20608781     0  
CD009551     0  25502530     0  
CD009551     0  24927411     0  
CD009551     0  21122039     0  
CD009551     0  11864908     0  
CD009551     0  10977899     0  
CD009551     0  15166279     0  
CD009551     0  11204140     0  
CD009551     0  11289522     0  
CD009551     0  10932351     0  
CD009551     0  25006238     0  
CD009551     0  18039373     0  
CD009551     0  11801580     0  
CD009551     0  21527474     0  
CD009551     0  17761478     0  
CD009551     0  20453072     0  
CD009551     0  21439061     0  
CD009551     0  20136576     0  
CD009551     0  10556711     0  
CD009551     0  25760080     0  
CD009551     0  16759234     0  
CD009551     0  12074058     0  
CD009551     0  10347026     0  
CD009551     0  16772427     0  
CD009551     0  25242934     0  
CD009551     0  24680080     0  
CD009551     0  24885088     0  
CD009551     0  20718604     0  
CD009551     0  22964252     0  
CD009551     0  17581930     0  
CD009551     0  15591252     0  
CD009551     0  10543813     0  
CD009551     0  16289954     0  
CD009551     0  21485158     0  
CD009551     0  17464842     0  
CD009551     0  23077786     0  
CD009551     0  9501518      0  
CD009551     0  22286039     0  
CD009551     0  24184309     0  
CD009551     0  16798978     0  
CD009551     0  23561301     0  
CD009551     0  24879544     0  
CD009551     0  23637884     0  
CD009551     0  19210691     0  
CD009551     0  23955377     0  
CD009551     0  24323289     0  
CD009551     0  20156030     0  
CD009551     0  19496935     0  
CD009551     0  19403766     0  
CD009551     0  16487239     0  
CD009551     0  17328980     0  
CD009551     0  24391918     0  
CD009551     0  7616678      0  
CD009551     0  21102391     0  
CD009551     0  24657665     0  
CD009551     0  18627580     0  
CD009551     0  19253143     0  
CD009551     0  20684304     0  
CD009551     0  18520326     0  
CD009551     0  10742277     0  
CD009551     0  9807997      0  
CD009551     0  21821764     0  
CD009551     0  17127630     1  
CD009551     0  10975701     0  
CD009551     0  23360173     1  
CD009551     0  24052228     0  
CD009551     0  11254600     0  
CD009551     0  9143104      0  
CD009551     0  19401261     0  
CD009551     0  11283102     0  
CD009551     0  11772640     0  
CD009551     0  11139027     0  
CD009551     0  22580756     0  
CD009551     0  15465386     0  
CD009551     0  20958255     0  
CD009551     0  18832929     0  
CD009551     0  8176723      0  
CD009551     0  9224729      0  
CD009551     0  25072712     0  
CD009551     0  14736460     0  
CD009551     0  10849020     0  
CD009551     0  17122000     0  
CD009551     0  24698139     0  
CD009551     0  23463213     0  
CD009551     0  17933253     0  
CD009551     0  7615723      0  
CD009551     0  11427550     0  
CD009551     0  24886193     0  
CD009551     0  7557298      0  
CD009551     0  22134599     0  
CD009551     0  16893395     0  
CD009551     0  16913971     0  
CD009551     0  22006005     0  
CD009551     0  24152260     0  
CD009551     0  18166238     0  
CD009551     0  10710436     0  
CD009551     0  8567884      0  
CD009551     0  22012015     0  
CD009551     0  16735072     0  
CD009551     0  23583899     0  
CD009551     0  19415934     0  
CD009551     0  11801576     0  
CD009551     0  25082186     0  
CD009551     0  10671536     0  
CD009551     0  22037818     0  
CD009551     0  16453271     1  
CD009551     0  24009710     0  
CD009551     0  12785313     0  
CD009551     0  19073865     0  
CD009551     0  19571034     1  
CD009551     0  24045934     0  
CD009551     0  21191054     1  
CD009551     0  1452034      0  
CD009551     0  20358180     0  
CD009551     0  18266800     0  
CD009551     0  22475947     0  
CD009551     0  15066846     0  
CD009551     0  22474565     0  
CD009551     0  14596967     0  
CD009551     0  16416267     0  
CD009551     0  21277379     0  
CD009551     0  15239400     0  
CD009551     0  22704686     0  
CD009551     0  25031443     0  
CD009551     0  25603404     0  
CD009551     0  19294624     0  
CD009551     0  23336696     0  
CD009551     0  10852594     0  
CD009551     0  11886384     0  
CD009551     0  17426786     1  
CD009551     0  24809292     0  
CD009551     0  12063396     0  
CD009551     0  9933358      0  
CD009551     0  24142380     0  
CD009551     0  17868942     0  
CD009551     0  16110783     0  
CD009551     0  11860262     0  
CD009551     0  19233957     0  
CD009551     0  17291614     0  
CD009551     0  10200937     0  
CD009551     0  16697479     0  
CD009551     0  17897192     0  
CD009551     0  21940479     0  
CD009551     0  24680079     0  
CD009551     0  16650956     0  
CD009551     0  18262811     0  
CD009551     0  8534978      0  
CD009551     0  11429016     0  
CD009551     0  18401744     0  
CD009551     0  7747954      0  
CD009551     0  20222384     0  
CD009551     0  15845386     0  
CD009551     0  20718612     0  
CD009551     0  19469095     0  
CD009551     0  18512442     0  
CD009551     0  10543807     0  
CD009551     0  15236920     0  
CD009551     0  11476976     0  
CD009551     0  15218381     0  
CD009551     0  7560970      0  
CD009551     0  8679226      0  
CD009551     0  25155930     0  
CD009551     0  11425482     0  
CD009551     0  23957415     0  
CD009551     0  19537208     0  
CD009551     0  21839392     0  
CD009551     0  9211795      0  
CD009551     0  17205486     0  
CD009551     0  19500260     0  
CD009551     0  23305771     0  
CD009551     0  25007578     0  
CD009551     0  8868425      0  
CD009551     0  22263426     0  
CD009551     0  18495860     0  
CD009551     0  19573328     0  
CD009551     0  20055739     0  
CD009551     0  16596959     0  
CD009551     0  19208266     0  
CD009551     0  12562243     0  
CD009551     0  15644917     0  
CD009551     0  17394606     0  
CD009551     0  17286166     0  
CD009551     0  10655350     0  
CD009551     0  15272286     0  
CD009551     0  19229589     0  
CD009551     0  18193305     0  
CD009551     0  16102739     0  
CD009551     0  23002911     0  
CD009551     0  9508794      0  
CD009551     0  11923400     0  
CD009551     0  10636904     0  
CD009551     0  21554421     0  
CD009551     0  10778746     0  
CD009551     0  8576345      0  
CD009551     0  14987199     0  
CD009551     0  16499151     0  
CD009551     0  8810945      0  
CD009551     0  8933843      0  
CD009551     0  10460619     0  
CD009551     0  10564728     0  
CD009551     0  16133334     0  
CD009551     0  20711895     0  
CD009551     0  9705365      0  
CD009551     0  12548939     0  
CD009551     0  24803392     0  
CD009551     0  17722701     0  
CD009551     0  16708193     0  
CD009551     0  23603018     0  
CD009551     0  12825511     0  
CD009551     0  20463243     0  
CD009551     0  18037475     0  
CD009551     0  18931291     0  
CD009551     0  17185280     0  
CD009551     0  17671663     0  
CD009551     0  19261791     0  
CD009551     0  11205570     0  
CD009551     0  19276884     0  
CD009551     0  23799048     0  
CD009551     0  9379547      0  
CD009551     0  12424542     0  
CD009551     0  15050035     0  
CD009551     0  8960907      0  
CD009551     0  17343676     0  
CD009551     0  11417629     0  
CD009551     0  9919661      0  
CD009551     0  9854096      0  
CD009551     0  23813092     0  
CD009551     0  16054349     0  
CD009551     0  16517184     0  
CD009551     0  9885732      0  
CD009551     0  17024507     0  
CD009551     0  16462306     0  
CD009551     0  22740590     0  
CD009551     0  22128236     0  
CD009551     0  9797301      0  
CD009551     0  16821724     0  
CD009551     0  19664127     0  
CD009551     0  22678428     0  
CD009551     0  17878557     0  
CD009551     0  17551789     0  
CD009551     0  19476005     0  
CD009551     0  7927676      0  
CD009551     0  9579465      0  
CD009551     0  25425159     0  
CD009551     0  9290241      0  
CD009551     0  7501471      0  
CD009551     0  24418238     0  
CD009551     0  17935925     0  
CD009551     0  20144543     0  
CD009551     0  11816981     0  
CD009551     0  15247928     0  
CD009551     0  17604424     0  
CD009551     0  18364120     0  
CD009551     0  12478389     0  
CD009551     0  12030297     0  
CD009551     0  12520695     0  
CD009551     0  23555591     0  
CD009551     0  24759426     0  
CD009551     0  16412020     1  
CD009551     0  23615821     0  
CD009551     0  23188584     0  
CD009551     0  16332900     0  
CD009551     0  10777816     0  
CD009551     0  16369840     0  
CD009551     0  15046309     0  
CD009551     0  10806361     0  
CD009551     0  12892923     0  
CD009551     0  22473419     0  
CD009551     0  18000703     0  
CD009551     0  20467199     0  
CD009551     0  17279054     0  
CD009551     0  7927700      0  
CD009551     0  20053626     0  
CD009551     0  23446835     0  
CD009551     0  16387806     0  
CD009551     0  11999400     0  
CD009551     0  10958971     0  
CD009551     0  22227105     0  
CD009551     0  25568431     0  
CD009551     0  12086105     0  
CD009551     0  15823659     0  
CD009551     0  9069115      0  
CD009551     0  24442359     0  
CD009551     0  14520109     0  
CD009551     0  9025298      0  
CD009551     0  8464724      0  
CD009551     0  18845828     1  
CD009551     0  8500876      0  
CD009551     0  9519482      0  
CD009551     0  23216688     0  
CD009551     0  17460901     0  
CD009551     0  22082828     0  
CD009551     0  15826281     0  
CD009551     0  23388129     0  
CD009551     0  16160832     0  
CD009551     0  22685137     0  
CD009551     0  23573983     0  
CD009551     0  19968888     0  
CD009551     0  21531034     0  
CD009551     0  11126119     0  
CD009551     0  18038193     0  
CD009551     0  22069691     0  
CD009551     0  19251760     0  
CD009551     0  15713607     1  
CD009551     0  20456528     0  
CD009551     0  19848605     0  
CD009551     0  7883176      0  
CD009551     0  24123732     0  
CD009551     0  10865899     0  
CD009551     0  9003286      0  
CD009551     0  9108182      0  
CD009551     0  10865896     0  
CD009551     0  21889911     0  
CD009551     0  24166184     0  
CD009551     0  18652906     0  
CD009551     0  10913868     0  
CD009551     0  16298948     0  
CD009551     0  22502959     0  
CD009551     0  21741477     0  
CD009551     0  19305348     0  
CD009551     0  21388144     0  
CD009551     0  22305239     0  
CD009551     0  22432007     0  
CD009551     0  18430128     0  
CD009551     0  9248266      0  
CD009551     0  16835842     0  
CD009551     0  21802757     0  
CD009551     0  9795261      0  
CD009551     0  20359458     0  
CD009551     0  14633008     0  
CD009551     0  20645385     0  
CD009551     0  11413925     0  
CD009551     0  16096690     0  
CD009551     0  24252827     0  
CD009551     0  22445201     0  
CD009551     0  12557373     0  
CD009551     0  23100337     0  
CD009551     0  22039841     0  
CD009551     0  21392133     0  
CD009551     0  15184460     1  
CD009551     0  9467106      0  
CD009551     0  20821591     0  
CD009551     0  22919314     0  
CD009551     0  23275075     0  
CD009551     0  11498744     0  
CD009551     0  12867558     0  
CD009551     0  11702696     0  
CD009551     0  8566771      0  
CD009551     0  9773270      0  
CD009551     0  11920473     0  
CD009551     0  24977681     0  
CD009551     0  20129972     0  
CD009551     0  17101590     0  
CD009551     0  8570567      0  
CD009551     0  7672126      0  
CD009551     0  21554340     0  
CD009551     0  18310042     0  
CD009551     0  21788229     0  
CD009551     0  23426930     1  
CD009551     0  25613604     0  
CD009551     0  15047520     0  
CD009551     0  22945270     0  
CD009551     0  11559403     0  
CD009551     0  21858538     0  
CD009551     0  18353931     0  
CD009551     0  20632211     0  
CD009551     0  24599078     0  
CD009551     0  17510862     0  
CD009551     0  9399543      0  
CD009551     0  15022785     0  
CD009551     0  22771862     0  
CD009551     0  17189178     0  
CD009551     0  15909368     0  
CD009551     0  8832021      0  
CD009551     0  21092564     0  
CD009551     0  20097738     0  
CD009551     0  23330675     0  
CD009551     0  25036772     0  
CD009551     0  19890556     0  
CD009551     0  25252646     0  
CD009551     0  11978610     0  
CD009551     0  23761142     0  
CD009551     0  17646981     0  
CD009551     0  12690965     0  
CD009551     0  19547867     0  
CD009551     0  8789013      0  
CD009551     0  19241524     0  
CD009551     0  24677097     0  
CD009551     0  15489939     0  
CD009551     0  21935789     0  
CD009551     0  20526482     0  
CD009551     0  20576752     0  
CD009551     0  23508862     0  
CD009551     0  17086560     0  
CD009551     0  16330537     0  
CD009551     0  17929218     0  
CD009551     0  16874411     0  
CD009551     0  11792987     0  
CD009551     0  18689703     0  
CD009551     0  12172968     0  
CD009551     0  25851634     0  
CD009551     0  17672321     0  
CD009551     0  11921835     0  
CD009551     0  16907730     0  
CD009551     0  16944283     0  
CD009551     0  11213075     0  
CD009551     0  12549330     0  
CD009551     0  16758737     0  
CD009551     0  20150979     0  
CD009551     0  16368011     0  
CD009551     0  7592391      0  
CD009551     0  24870357     0  
CD009551     0  2253884      0  
CD009551     0  11060088     0  
CD009551     0  22439693     0  
CD009551     0  16207973     0  
CD009551     0  10905427     0  
CD009551     0  10905429     0  
CD009551     0  17333917     0  
CD009551     0  11057445     0  
CD009551     0  9736163      0  
CD009551     0  12597358     0  
CD009551     0  11210150     0  
CD009551     0  10074553     0  
CD009551     0  25559816     0  
CD009551     0  21341988     0  
CD009551     0  22382738     0  
CD009551     0  18486503     0  
CD009551     0  23180546     0  
CD009551     0  8458955      0  
CD009551     0  12568754     0  
CD009551     0  22610430     0  
CD009551     0  14600221     0  
CD009551     0  7929762      0  
CD009551     0  8706730      0  
CD009551     0  8181725      0  
CD009551     0  23726262     0  
CD009551     0  10467546     0  
CD009551     0  23954943     0  
CD009551     0  23498197     0  
CD009551     0  21345511     0  
CD009551     0  17018254     0  
CD009551     0  17617057     0  
CD009551     0  16649078     0  
CD009551     0  17608701     0  
CD009551     0  24462974     0  
CD009551     0  21788730     0  
CD009551     0  16021283     0  
CD009551     0  20942058     0  
CD009551     0  18083888     0  
CD009551     0  10952006     0  
CD009551     0  20720026     0  
CD009551     0  20720024     0  
CD009551     0  22527320     0  
CD009551     0  15668862     1  
CD009551     0  16312174     0  
CD009551     0  10696882     0  
CD009551     0  20357484     0  
CD009551     0  22389879     0  
CD009551     0  22378557     0  
CD009551     0  9779353      0  
CD009551     0  9426247      0  
CD009551     0  25048233     0  
CD009551     0  17605910     0  
CD009551     0  21351463     0  
CD009551     0  9776830      0  
CD009551     0  25108222     0  
CD009551     0  15707846     0  
CD009551     0  12228297     0  
CD009551     0  11162394     0  
CD009551     0  22838495     0  
CD009551     0  18155541     0  
CD009551     0  15079891     0  
CD009551     0  15135586     0  
CD009551     0  24033951     0  
CD009551     0  20153541     0  
CD009551     0  24768294     0  
CD009551     0  10224375     0  
CD009551     0  11004483     0  
CD009551     0  20082061     0  
CD009551     0  11388486     0  
CD009551     0  21193785     0  
CD009551     0  7765794      0  
CD009551     0  24853527     0  
CD009551     0  24710283     0  
CD009551     0  7592973      0  
CD009551     0  17425662     0  
CD009551     0  15456364     0  
CD009551     0  8917102      0  
CD009551     0  12734210     0  
CD009551     0  11704746     0  
CD009551     0  20377644     0  
CD009551     0  23571105     0  
CD009551     0  11704742     0  
CD009551     0  19110333     0  
CD009551     0  24986045     0  
CD009551     0  22417364     0  
CD009551     0  19486415     0  
CD009551     0  24047134     0  
CD009551     0  20298270     0  
CD009551     0  12667256     0  
CD009551     0  12574250     0  
CD009551     0  10473389     0  
CD009551     0  17973316     0  
CD009551     0  12702357     0  
CD009551     0  25072728     0  
CD009551     0  22221359     0  
CD009551     0  24588891     0  
CD009551     0  22862919     0  
CD009551     0  7765719      0  
CD009551     0  21326837     0  
CD009551     0  21849696     1  
CD009551     0  23620764     0  
CD009551     0  19457031     0  
CD009551     0  17461323     0  
CD009551     0  23486712     0  
CD009551     0  18780236     0  
CD009551     0  22327593     0  
CD009551     0  22566119     0  
CD009551     0  15583275     0  
CD009551     0  8786753      0  
CD009551     0  9989644      0  
CD009551     0  8405943      0  
CD009551     0  8544085      0  
CD009551     0  11764679     0  
CD009551     0  9989647      0  
CD009551     0  18959152     0  
CD009551     0  15244045     0  
CD009551     0  17139616     0  
CD009551     0  20440534     0  
CD009551     0  16690149     0  
CD009551     0  19558597     0  
CD009551     0  9000377      0  
CD009551     0  16005299     0  
CD009551     0  21818610     0  
CD009551     0  19109479     1  
CD009551     0  16672397     0  
CD009551     0  17552235     0  
CD009551     0  12136655     0  
CD009551     0  16448506     0  
CD009551     0  9006911      0  
CD009551     0  16406292     0  
CD009551     0  9038753      0  
CD009551     0  20372013     0  
CD009551     0  11831480     0  
CD009551     0  17216451     0  
CD009551     0  9257365      0  
CD009551     0  12655397     0  
CD009551     0  22518857     0  
CD009551     0  21187926     0  
CD009551     0  16377911     0  
CD009551     0  21518521     0  
CD009551     0  17400783     0  
CD009551     0  16702099     0  
CD009551     0  21234787     0  
CD009551     0  25129364     0  
CD009551     0  15257938     0  
CD009551     0  16944291     0  
CD009551     0  10562808     0  
CD009551     0  21717328     0  
CD009551     0  16914647     0  
CD009551     0  15615755     0  
CD009551     0  21645819     0  
CD009551     0  21645813     0  
CD009551     0  7489900      0  
CD009551     0  20438816     0  
CD009551     0  21836343     0  
CD009551     0  16714021     0  
CD009551     0  19255901     0  
CD009551     0  17822032     0  
CD009551     0  21663991     0  
CD009551     0  8672814      0  
CD009551     0  12619691     0  
CD009551     0  7699073      0  
CD009551     0  11328298     1  
CD009551     0  15733434     0  
CD009551     0  17886187     0  
CD009551     0  25040464     0  
CD009551     0  11757979     0  
CD009551     0  15749051     0  
CD009551     0  17886188     0  
CD009551     0  19013535     0  
CD009551     0  15218972     0  
CD009551     0  10075496     0  
CD009551     0  17719249     0  
CD009551     0  11462176     1  
CD009551     0  9008887      0  
CD009551     0  23202303     0  
CD009551     0  16118412     0  
CD009551     0  16894889     0  
CD009551     0  15983745     0  
CD009551     0  21325541     0  
CD009551     0  10755298     0  
CD009551     0  20167588     0  
CD009551     0  11988507     0  
CD009551     0  23296888     0  
CD009551     0  8625427      0  
CD009551     0  8625424      0  
CD009551     0  16673111     0  
CD009551     0  10074549     0  
CD009551     0  25349089     0  
CD009551     0  17130677     0  
CD009551     0  18160156     0  
CD009551     0  8520125      0  
CD009551     0  13680172     0  
CD009551     0  19968513     0  
CD009551     0  11446528     0  
CD009551     0  9776828      0  
CD009551     0  16190352     0  
CD009551     0  11829749     0  
CD009551     0  16494509     0  
CD009551     0  18720289     0  
CD009551     0  18164254     0  
CD009551     0  9229335      0  
CD009551     0  17900727     0  
CD009551     0  18367576     0  
CD009551     0  17987567     0  
CD009551     0  24803238     0  
CD009551     0  22428072     0  
CD009551     0  22420668     0  
CD009551     0  24742997     0  
CD009551     0  17574786     0  
CD009551     0  11714525     0  
CD009551     0  17467772     0  
CD009551     0  25719852     0  
CD009551     0  19577187     0  
CD009551     0  24879349     0  
CD009551     0  10823773     1  
CD009551     0  8224504      0  
CD009551     0  8224894      0  
CD009551     0  20107096     0  
CD009551     0  11217803     0  
CD009551     0  8346917      0  
CD009551     0  9574694      0  
CD009551     0  10320571     0  
CD009551     0  12749588     0  
CD009551     0  9163443      0  
CD009551     0  22189121     0  
CD009551     0  25840850     0  
CD009551     0  22305540     0  
CD009551     0  24986679     0  
CD009551     0  10427010     0  
CD009551     0  12690650     0  
CD009551     0  18791013     0  
CD009551     0  20447271     0  
CD009551     0  12574242     0  
CD009551     0  24294264     0  
CD009551     0  23464751     0  
CD009551     0  25657116     0  
CD009551     0  19176265     0  
CD009551     0  21761713     0  
CD009551     0  22526309     0  
CD009551     0  18212093     0  
CD009551     0  22207035     0  
CD009551     0  25274127     0  
CD009551     0  12747422     0  
CD009551     0  9720206      0  
CD009551     0  9720204      0  
CD009551     0  16365289     0  
CD009551     0  10832025     0  
CD009551     0  1534750      0  
CD009551     0  23931836     0  
CD009551     0  2183644      0  
CD009551     0  19243908     0  
CD009551     0  11722900     0  
CD009551     0  18397213     0  
CD009551     0  11798263     0  
CD009551     0  9818093      0  
CD009551     0  23160134     0  
CD009551     0  15552645     0  
CD009551     0  20145973     0  
CD009551     0  15552643     0  
CD009551     0  17317214     0  
CD009551     0  20370343     0  
CD009551     0  17479383     0  
CD009551     0  19055059     0  
CD009551     0  22699061     0  
CD009551     0  23165244     0  
CD009551     0  15659196     0  
CD009551     0  9339892      0  
CD009551     0  23706827     0  
CD009551     0  16455889     0  
CD009551     0  20818103     1  
CD009551     0  18158407     0  
CD009551     0  11168048     0  
CD009551     0  16466900     0  
CD009551     0  19412581     0  
CD009551     0  12840024     0  
CD009551     0  8856049      0  
CD009551     0  7500937      0  
CD009551     0  15693789     0  
CD009551     0  21396477     0  
CD009551     0  9379554      0  
CD009551     0  17238237     0  
CD009551     0  18838595     0  
CD009551     0  18854937     1  
CD009551     0  22018204     0  
CD009551     0  15068336     0  
CD009551     0  24040343     0  
CD009551     0  16715542     0  
CD009551     0  10225290     0  
CD009551     0  20647677     0  
CD009551     0  21935697     0  
CD009551     0  22036292     0  
CD009551     0  26028521     0  
CD009551     0  17822042     0  
CD009551     0  19700014     0  
CD009551     0  9454647      0  
CD009551     0  8722032      0  
CD009551     0  15695702     0  
CD009551     0  10376827     0  
CD009551     0  25415407     0  
CD009551     0  21834667     0  
CD009551     0  24704188     0  
CD009551     0  9895285      0  
CD009551     0  23065615     0  
CD009551     0  23065614     0  
CD009551     0  10325319     0  
CD009551     0  19305063     0  
CD009551     0  16303751     0  
CD009551     0  19324443     0  
CD009551     0  17893168     0  
CD009551     0  22263641     0  
CD009551     0  7586033      0  
CD009551     0  17496961     0  
CD009551     0  22733113     0  
CD009551     0  25011914     0  
CD009551     0  19467584     0  
CD009551     0  19226388     0  
CD009551     0  22905261     0  
CD009551     0  17692974     0  
CD009551     0  14998396     0  
CD009551     0  24030717     0  
CD009551     0  16085865     0  
CD009551     0  20356513     0  
CD009551     0  11133467     0  
CD009551     0  10772835     0  
CD009551     0  25088501     0  
CD009551     0  21756800     0  
CD009551     0  7763981      0  
CD009551     0  16825512     0  
CD009551     0  20699629     0  
CD009551     0  24108612     0  
CD009551     0  24392732     0  
CD009551     0  10565898     1  
CD009551     0  12436257     0  
CD009551     0  12436251     0  
CD009551     0  17236162     0  
CD009551     0  16376057     0  
CD009551     0  15071756     0  
CD009551     0  15925308     0  
CD009551     0  21108574     0  
CD009551     0  11178973     0  
CD009551     0  20686222     0  
CD009551     0  23835170     0  
CD009551     0  8598061      0  
CD009551     0  14584610     0  
CD009551     0  24584515     0  
CD009551     0  14513384     0  
CD009551     0  11763128     0  
CD009551     0  19680888     0  
CD009551     0  24835742     0  
CD009551     0  21169437     0  
CD009551     0  11319592     0  
CD009551     0  17647207     0  
CD009551     0  11015393     0  
CD009551     0  20571794     0  
CD009551     0  23448824     0  
CD009551     0  16622700     0  
CD009551     0  10629598     0  
CD009551     0  12051895     0  
CD009551     0  11122112     1  
CD009551     0  22435876     0  
CD009551     0  23865052     0  
CD009551     0  22955887     0  
CD009551     0  9130526      0  
CD009551     0  20351207     0  
CD009551     0  16444977     0  
CD009551     0  16208020     1  
CD009551     0  16254108     0  
CD009551     0  16607954     0  
CD009551     0  14527661     0  
CD009551     0  16084833     0  
CD009551     0  24931137     0  
CD009551     0  25796518     0  
CD009551     0  19519853     0  
CD009551     0  24367682     0  
CD009551     0  17630312     0  
CD009551     0  18468512     0  
CD009551     0  23398543     0  
CD009551     0  9685506      0  
CD009551     0  25872733     0  
CD009551     0  8567928      0  
CD009551     0  25846441     0  
CD009551     0  22731696     0  
CD009551     0  1431110      0  
CD009551     0  11979043     0  
CD009551     0  24237760     0  
CD009551     0  21897021     0  
CD009551     0  14572377     0  
CD009551     0  14572378     0  
CD009551     0  10210332     0  
CD009551     0  24268295     0  
CD009551     0  22075290     0  
CD009551     0  22440310     0  
CD009551     0  12149343     0  
CD009551     0  12149346     0  
CD009551     0  19945807     0  
CD009551     0  11899029     0  
CD009551     0  21750945     0  
CD009551     0  17178246     0  
CD009551     0  22385627     0  
CD009551     0  23710454     0  
CD009551     0  17178797     0  
CD009551     0  9882657      0  
CD009551     0  23451071     0  
CD009551     0  16122766     0  
CD009551     0  25122854     0  
CD009551     0  8274451      0  
CD009551     0  15716038     0  
CD009551     0  23172020     0  
CD009551     0  19043401     0  
CD009551     0  15895933     0  
CD009551     0  10424090     1  
CD009551     0  16451404     0  
CD009551     0  19628011     0  
CD009551     0  17075620     0  
CD009551     0  11706168     0  
CD009551     0  15773033     0  
CD009551     0  18498318     0  
CD009551     0  21574390     0  
CD009551     0  23569017     0  
CD009551     0  16321822     0  
CD009551     0  15722148     0  
CD009551     0  22613889     0  
CD009551     0  23786547     0  
CD009551     0  15757179     0  
CD009551     0  21256002     0  
CD009551     0  11483612     0  
CD009551     0  12652911     0  
CD009551     0  23385948     0  
CD009551     0  22151280     0  
CD009551     0  22038601     0  
CD009551     0  18166808     0  
CD009551     0  21281234     0  
CD009551     0  8988359      0  
CD009551     0  18298443     0  
CD009551     0  10482390     0  
CD009551     0  21210990     0  
CD009551     0  12627806     0  
CD009551     0  16872530     0  
CD009551     0  24661790     0  
CD009551     0  21985967     0  
CD009551     0  10614966     0  
CD009551     0  18293184     0  
CD009551     0  23160681     0  
CD009551     0  16784444     0  
CD009551     0  12743564     0  
CD009551     0  7811072      0  
CD009551     0  19440704     0  
CD009551     0  24637772     0  
CD009551     0  18763000     0  
CD009551     0  17406574     0  
CD009551     0  10806226     0  
CD009551     0  17650201     0  
CD009551     0  9933359      0  
CD009551     0  16081958     0  
CD009551     0  12084578     0  
CD009551     0  17449691     0  
CD009551     0  17600362     0  
CD009551     0  20367932     1  
CD009551     0  21637862     0  
CD009551     0  19953413     0  
CD009551     0  25461949     0  
CD009551     0  25384730     0  
CD009551     0  20822431     0  
CD009551     0  11277429     0  
CD009551     0  16475501     0  
CD009551     0  9950095      0  
CD009551     0  18546027     0  
CD009551     0  15215142     0  
CD009551     0  23756242     0  
CD009551     0  17634313     0  
CD009551     0  15969057     0  
CD009551     0  19246986     0  
CD009551     0  20417400     0  
CD009551     0  22574193     0  
CD009551     0  25193981     0  
CD009551     0  21067328     0  
CD009551     0  19377623     0  
CD009551     0  21771406     0  
CD009551     0  22160328     0  
CD009551     0  22506079     0  
CD009551     0  11489135     0  
CD009551     0  17802916     0  
CD009551     0  25742150     0  
CD009551     0  19924476     0  
CD009551     0  17261076     0  
CD009551     0  1922075      0  
CD009551     0  10855719     0  
CD009551     0  8337560      0  
CD009551     0  23095159     0  
CD009551     0  8112585      0  
CD009551     0  10610703     0  
CD009551     0  8112588      0  
CD009551     0  19080569     0  
CD009551     0  7793959      0  
CD009551     0  12692945     0  
CD009551     0  18681941     0  
CD009551     0  11292325     0  
CD009551     0  26036769     0  
CD009551     0  25043595     0  
CD009551     0  15000243     0  
CD009551     0  25612900     0  
CD009551     0  9063670      0  
CD009551     0  16245866     0  
CD009551     0  10739949     0  
CD009551     0  19730788     0  
CD009551     0  19861279     0  
CD009551     0  1495393      0  
CD009551     0  17267633     0  
CD009551     0  23513028     0  
CD009551     0  25656408     0  
CD009551     0  22670589     0  
CD009551     0  2001172      0  
CD009551     0  18201993     0  
CD009551     0  20392148     0  
CD009551     0  8597544      0  
CD009551     0  8321251      0  
CD009551     0  20392146     0  
CD009551     0  20039019     0  
CD009551     0  9868774      0  
CD009551     0  24409765     0  
CD009551     0  19521728     0  
CD009551     0  25815649     0  
CD009551     0  10765040     0  
CD009551     0  23198683     0  
CD009551     0  25775788     0  
CD009551     0  21640974     0  
CD009551     0  7650194      0  
CD009551     0  19760058     0  
CD009551     0  7729421      0  
CD009551     0  15365025     0  
CD009551     0  20490754     0  
CD009551     0  11376086     0  
CD009551     0  18752198     0  
CD009551     0  16147886     0  
CD009551     0  25076075     0  
CD009551     0  23809840     0  
CD009551     0  12843660     0  
CD009551     0  19451239     0  
CD009551     0  21166768     0  
CD009551     0  19141733     0  
CD009551     0  19141736     0  
CD009551     0  12571042     0  
CD009551     0  22781455     0  
CD009551     0  8596437      0  
CD009551     0  20950222     0  
CD009551     0  8662689      0  
CD009551     0  12898356     0  
CD009551     0  15670714     0  
CD009551     0  11100830     0  
CD009551     0  11913767     0  
CD009551     0  15305713     0  
CD009551     0  22124127     0  
CD009551     0  20190840     1  
CD009551     0  16165323     0  
CD009551     0  18449403     0  
CD009551     0  19179225     0  
CD009551     0  18474582     0  
CD009551     0  22328370     0  
CD009551     0  20817798     0  
CD009551     0  17086160     0  
CD009551     0  11948049     0  
CD009551     0  12591825     0  
CD009551     0  15967531     0  
CD009551     0  21467016     0  
CD009551     0  23928558     0  
CD009551     0  24464080     0  
CD009551     0  10325335     0  
CD009551     0  23303501     0  
CD009551     0  10882536     0  
CD009551     0  23555039     0  
CD009551     0  22120803     0  
CD009551     0  18500936     0  
CD009551     0  10437828     0  
CD009551     0  25501147     0  
CD009551     0  23633661     0  
CD009551     0  25344259     0  
CD009551     0  8656684      0  
CD009551     0  18480229     0  
CD009551     0  24440682     0  
CD009551     0  20030960     0  
CD009551     0  24290653     0  
CD009551     0  15555940     0  
CD009551     0  9835566      0  
CD009551     0  19473251     0  
CD009551     0  15975678     0  
CD009551     0  15328121     0  
CD009551     0  18317823     0  
CD009551     0  17196019     0  
CD009551     0  22834482     0  
CD009551     0  25960612     0  
CD009551     0  17554432     0  
CD009551     0  18160163     0  
CD009551     0  14766869     1  
CD009551     0  15364984     0  
CD009551     0  23028503     0  
CD009551     0  19298905     0  
CD009551     0  9650962      0  
CD009551     0  19244466     0  
CD009551     0  12508264     0  
CD009551     0  16552065     0  
CD009551     0  22384201     0  
CD009551     0  12437651     1  
CD009551     0  25255025     0  
CD009551     0  20832694     0  
CD009551     0  8416986      0  
CD009551     0  10074081     0  
CD009551     0  16082523     0  
CD009551     0  23886693     0  
CD009551     0  7612216      0  
CD009551     0  12589475     0  
CD009551     0  23137280     0  
CD009551     0  19104024     0  
CD009551     0  23560622     0  
CD009551     0  21342785     0  
CD009551     0  20131067     0  
CD009551     0  12037092     0  
CD009551     0  10479157     0  
CD009551     0  18227243     0  
CD009551     0  22901231     0  
CD009551     0  23417151     0  
CD009551     0  24833776     0  
CD009551     0  24368426     0  
CD009551     0  16814894     0  
CD009551     0  18944078     0  
CD009551     0  23163595     0  
CD009551     0  15808942     0  
CD009551     0  10200936     0  
CD009551     0  9312029      0  
CD009551     0  19080352     0  
CD009551     0  21828275     0  
CD009551     0  23580559     0  
CD009551     0  22399173     0  
CD009551     0  18280542     0  
CD009551     0  21929560     0  
CD009551     0  17184314     0  
CD009551     0  7600378      0  
CD009551     0  19387973     0  
CD009551     0  23226235     0  
CD009551     0  20361498     0  
CD009551     0  16722222     0  
CD009551     0  11954796     0  
CD009551     0  22808087     1  
CD009551     0  24493565     0  
CD009551     0  19253138     0  
CD009551     0  19850832     0  
CD009551     0  9183009      0  
CD009551     0  19332310     0  
CD009551     0  16133167     0  
CD009551     0  9163746      0  
CD009551     0  18256487     0  
CD009551     0  17707328     0  
CD009551     0  12375102     0  
CD009551     0  8408576      0  
CD009551     0  14639952     0  
CD009551     0  17944708     0  
CD009551     0  20632114     0  
CD009551     0  9141689      0  
CD009551     0  9141684      0  
CD009551     0  9988514      0  
CD009551     0  9321728      0  
CD009551     0  14662960     0  
CD009551     0  20110639     0  
CD009551     0  20467244     0  
CD009551     0  15794921     0  
CD009551     0  22371227     0  
CD009551     0  18026743     0  
CD009551     0  15341913     0  
CD009551     0  23774978     0  
CD009551     0  23545354     0  
CD009551     0  8358825      0  
CD009551     0  7646819      0  
CD009551     0  17432932     0  
CD009551     0  21655222     0  
CD009551     0  19268380     0  
CD009551     0  18065667     0  
CD009551     0  21644076     0  
CD009551     0  22585286     0  
CD009551     0  24037906     0  
CD009551     0  11964921     0  
CD009551     0  23639612     1  
CD009551     0  23639613     0  
CD009551     0  19765479     0  
CD009551     0  17045941     0  
CD009551     0  19076844     0  
CD009551     0  21686223     0  
CD009551     0  10908023     0  
CD009551     0  18419373     0  
CD009551     0  20058189     0  
CD009551     0  17688585     0  
CD009551     0  9061355      0  
CD009551     0  24091920     0  
CD009551     0  8837429      0  
CD009551     0  10411383     0  
CD009551     0  25357108     0  
CD009551     0  21840384     0  
CD009551     0  18378656     0  
CD009551     0  9021130      0  
CD009551     0  22906186     0  
CD009551     0  12963348     0  
CD009551     0  10023082     0  
CD009551     0  22605848     0  
CD009551     0  18705871     0  
CD009551     0  20333472     0  
CD009551     0  17923996     0  
CD009551     0  12127859     0  
CD009551     0  18608902     0  
CD009551     0  15297933     0  
CD009551     0  16784880     0  
CD009551     0  18571996     0  
CD009551     0  16572845     0  
CD009551     0  19191921     0  
CD009551     0  20047485     0  
CD009551     0  23173087     0  
CD009551     0  7770039      0  
CD009551     0  11090263     0  
CD009551     0  15793114     0  
CD009551     0  20392911     1  
CD009551     0  19445185     0  
CD009551     0  16962256     0  
CD009551     0  25251435     0  
CD009551     0  9835571      0  
CD009551     0  19486284     0  
CD009551     0  8299175      0  
CD009551     0  21216481     0  
CD009551     0  18796135     0  
CD009551     0  15160907     0  
CD009551     0  15953695     0  
CD009551     0  8586742      0  
CD009551     0  22728589     0  
CD009551     0  18575630     0  
CD009551     0  21791040     0  
CD009551     0  22606305     0  
CD009551     0  1918060      0  
CD009551     0  8096800      0  
CD009551     0  18955151     0  
CD009551     0  12495819     0  
CD009551     0  12762339     0  
CD009551     0  20638611     0  
CD009551     0  12450130     0  
CD009551     0  18654926     0  
CD009551     0  10628875     0  
CD009551     0  16939324     0  
CD009551     0  17728508     0  
CD009551     0  19308034     0  
CD009551     0  9618589      0  
CD009551     0  12224649     0  
CD009551     0  10570972     0  
CD009551     0  18355911     0  
CD009551     0  25120234     0  
CD009551     0  20471587     0  
CD009551     0  11824538     0  
CD009551     0  24982319     0  
CD009551     0  11766380     0  
CD009551     0  21796487     0  
CD009551     0  10028811     0  
CD009551     0  21899908     0  
CD009551     0  21128209     0  
CD009551     0  15709804     0  
CD009551     0  10743566     0  
CD009551     0  15936168     0  
CD009551     0  19396239     0  
CD009551     0  24646755     0  
CD009551     0  12925377     0  
CD009551     0  18643890     0  
CD009551     0  24309908     0  
CD009551     0  21507918     0  
CD009551     0  17503296     0  
CD009551     0  24691870     0  
CD009551     0  14672045     0  
CD009551     0  21850431     0  
CD009551     0  12424579     0  
CD009551     0  19038469     0  
CD009551     0  21423120     0  
CD009551     0  25326091     0  
CD009551     0  12969302     0  
CD009551     0  18291305     0  
CD009551     0  23644832     0  
CD009551     0  16443301     0  
CD009551     0  8720191      0  
CD009551     0  17384199     0  
CD009551     0  20921946     0  
CD009551     0  18678866     0  
CD009551     0  10452949     0  
CD009551     0  23036749     0  
CD009551     0  8702288      0  
CD009551     0  23278665     0  
CD009551     0  16116253     0  
CD009551     0  15365004     0  
CD009551     0  15142721     0  
CD009551     0  23563559     0  
CD009551     0  22962354     0  
CD009551     0  11474427     0  
CD009551     0  10574505     0  
CD009551     0  24375164     0  
CD009551     0  12561778     0  
CD009551     0  11545278     0  
CD009551     0  15893243     0  
CD009551     0  19370071     0  
CD009551     0  24036751     0  
CD009551     0  20528464     0  
CD009551     0  18602989     0  
CD009551     0  17039272     0  
CD009551     0  12642937     0  
CD009551     0  25705718     0  
CD009551     0  17854403     0  
CD009551     0  15345393     0  
CD009551     0  25917801     0  
CD009551     0  21685325     0  
CD009551     0  23710880     0  
CD009551     0  19541789     1  
CD009551     0  22069596     0  
CD009551     0  23934489     0  
CD009551     0  16468358     0  
CD009551     0  23568517     0  
CD009551     0  9442274      0  
CD009551     0  23411576     0  
CD009551     0  20582777     0  
CD009551     0  11557192     0  
CD009551     0  10651736     0  
CD009551     0  16110803     0  
CD009551     0  15719355     0  
CD009551     0  16110806     0  
CD009551     0  16110805     0  
CD009551     0  1818163      0  
CD009551     0  22220187     0  
CD009551     0  14566574     0  
CD009551     0  15479404     0  
CD009551     0  15838675     0  
CD009551     0  17886176     0  
CD009551     0  17886177     0  
CD009551     0  21221952     0  
CD009551     0  21927034     0  
CD009551     0  10572125     0  
CD009551     0  17886178     0  
CD009551     0  23758105     0  
CD009551     0  21923908     0  
CD009551     0  16506053     0  
CD009551     0  22983699     0  
CD009551     0  17270725     0  
CD009551     0  22341916     0  
CD009551     0  25729999     0  
CD009551     0  1840634      0  
CD009551     0  9074500      0  
CD009551     0  10653148     0  
CD009551     0  23621588     0  
CD009551     0  23153805     0  
CD009551     0  17406500     0  
CD009551     0  19896239     0  
CD009551     0  19214630     0  
CD009551     0  24132496     0  
CD009551     0  18095455     0  
CD009551     0  16699570     0  
CD009551     0  16963420     0  
CD009551     0  25896772     0  
CD009551     0  16791762     0  
CD009551     0  24719455     0  
CD009551     0  16822232     0  
CD009551     0  18521930     0  
CD009551     0  11331470     0  
CD009551     0  24609945     0  
CD009551     0  22008745     0  
CD009551     0  22150297     0  
CD009551     0  18798037     0  
CD009551     0  18436593     0  
CD009551     0  16342763     0  
CD009551     0  24906064     0  
CD009551     0  24384382     0  
CD009551     0  19500176     0  
CD009551     0  21632114     0  
CD009551     0  21529122     0  
CD009551     0  10684633     0  
CD009551     0  15553652     0  
CD009551     0  10361035     0  
CD009551     0  16385126     0  
CD009551     0  19019289     0  
CD009551     0  19666480     0  
CD009551     0  17881255     0  
CD009551     0  12604551     0  
CD009551     0  9839319      0  
CD009551     0  21897974     0  
CD009551     0  19386377     0  
CD009551     0  18227268     0  
CD009551     0  20374275     1  
CD009551     0  1320381      0  
CD009551     0  12871905     0  
CD009551     0  18234874     0  
CD009551     0  18654916     0  
CD009551     0  19416940     0  
CD009551     0  24887637     0  
CD009551     0  20978634     0  
CD009551     0  7945306      0  
CD009551     0  9385443      0  
CD009551     0  12678710     0  
CD009551     0  9535817      0  
CD009551     0  8795215      0  
CD009551     0  21632240     0  
CD009551     0  25162789     0  
CD009551     0  18538431     0  
CD009551     0  19914321     0  
CD009551     0  14670903     0  
CD009551     0  21256746     0  
CD009551     0  12230214     0  
CD009551     0  19217941     0  
CD009551     0  18672389     1  
CD009551     0  17703973     0  
CD009551     0  15676191     0  
CD009551     0  24671798     0  
CD009551     0  12752802     0  
CD009551     0  7548505      0  
CD009551     0  12904419     0  
CD009551     0  9058095      0  
CD009551     0  7887625      0  
CD009551     0  10452338     0  
CD009551     0  24066582     0  
CD009551     0  9636871      1  
CD009551     0  8929395      0  
CD009551     0  10857929     0  
CD009551     0  9438344      0  
CD009551     0  11764895     0  
CD009551     0  21723360     0  
CD009551     0  22160911     0  
CD009551     0  20667621     0  
CD009551     0  9200704      0  
CD009551     0  21567331     0  
CD009551     0  12620258     0  
CD009551     0  7876668      0  
CD009551     0  18588521     0  
CD009551     0  14732266     0  
CD009551     0  18172722     0  
CD009551     0  11346268     0  
CD009551     0  15310341     0  
CD009551     0  20002155     0  
CD009551     0  20716040     0  
CD009551     0  11435728     0  
CD009551     0  16463092     0  
CD009551     0  25771341     0  
CD009551     0  10853771     0  
CD009551     0  15461638     0  
CD009551     0  22168015     0  
CD009551     0  12147467     0  
CD009551     0  11427596     0  
CD009551     0  17955189     0  
CD009551     0  20455156     0  
CD009551     0  18644959     0  
CD009551     0  23331959     0  
CD009551     0  8501211      0  
CD009551     0  18484303     0  
CD009551     0  20679430     0  
CD009551     0  21596908     0  
CD009551     0  16484077     0  
CD009551     0  19473690     0  
CD009551     0  18060506     0  
CD009551     0  19069089     0  
CD009551     0  9011123      0  
CD009551     0  11701951     0  
CD009551     0  19634068     0  
CD009551     0  25126831     0  
CD009551     0  9620390      0  
CD009551     0  25621617     0  
CD009551     0  16110957     0  
CD009551     0  25318762     0  
CD009551     0  23031334     0  
CD009551     0  24973064     0  
CD009551     0  23278540     0  
CD009551     0  19104852     0  
CD009551     0  16330211     0  
CD009551     0  8880528      0  
CD009551     0  11525216     0  
CD009551     0  12571064     0  
CD009551     0  16202538     0  
CD009551     0  8061323      0  
CD009551     0  17230581     0  
CD009551     0  15798797     0  
CD009551     0  17172527     0  
CD009551     0  8836442      0  
CD009551     0  15255903     0  
CD009551     0  21824758     0  
CD009551     0  23666221     0  
CD009551     0  11705928     0  
CD009551     0  15297917     0  
CD009551     0  17981947     0  
CD009551     0  22495451     0  
CD009551     0  23719654     0  
CD009551     0  16842569     1  
CD009551     0  18510557     0  
CD009551     0  24719446     0  
CD009551     0  22837320     0  
CD009551     0  21058154     0  
CD009551     0  10997132     0  
CD009551     0  23889550     0  
CD009551     0  14707712     0  
CD009551     0  16933623     0  
CD009551     0  12495016     0  
CD009551     0  9828823      0  
CD009551     0  8099900      0  
CD009551     0  2277645      0  
CD009551     0  19888672     0  
CD009551     0  16943359     0  
CD009551     0  11779799     0  
CD009551     0  17251398     0  
CD009551     0  16619113     0  
CD009551     0  16255247     0  
CD009551     0  9532788      0  
CD009551     0  17166958     0  
CD009551     0  24960316     0  
CD009551     0  25781896     0  
CD009551     0  24728707     0  
CD009551     0  19919853     0  
CD009551     0  15695661     0  
CD009551     0  8276189      0  
CD009551     0  16207969     0  
CD009551     0  10422228     0  
CD009551     0  17661641     0  
CD009551     0  8586691      0  
CD009551     0  11123677     0  
CD009551     0  16959342     0  
CD009551     0  11071951     0  
CD009551     0  21296936     0  
CD009551     0  9817884      0  
CD009551     0  25178919     0  
CD009551     0  9625689      0  
CD009551     0  10921948     0  
CD009551     0  17371828     0  
CD009551     0  9143099      0  
CD009551     0  19183000     0  
CD009551     0  22782265     0  
CD009551     0  25724252     0  
CD009551     0  18568882     0  
CD009551     0  19486395     0  
CD009551     0  22952943     0  
CD009551     0  12037094     0  
CD009551     0  12037097     0  
CD009551     0  19486398     0  
CD009551     0  15892737     0  
CD009551     0  20381597     0  
CD009551     0  16175901     1  
CD009551     0  9128011      0  
CD009551     0  9128014      0  
CD009551     0  19819579     0  
CD009551     0  17595473     0  
CD009551     0  18455823     0  
CD009551     0  7916610      0  
CD009551     0  17890344     0  
CD009551     0  24987100     0  
CD009551     0  21046338     0  
CD009551     0  17621825     0  
CD009551     0  11035584     0  
CD009551     0  16154781     0  
CD009551     0  11976961     0  
CD009551     0  9615479      0  
CD009551     0  16096835     0  
CD009551     0  11318104     0  
CD009551     0  23278646     0  
CD009551     0  12089041     0  
CD009551     0  11015412     0  
CD009551     0  19764004     0  
CD009551     0  23073111     0  
CD009551     0  19103864     1  
CD009551     0  15588991     0  
CD009551     0  23723998     0  
CD009551     0  10380624     0  
CD009551     0  20129088     0  
CD009551     0  23399248     0  
CD009551     0  12417914     0  
CD009551     0  21698107     0  
CD009551     0  23396159     0  
CD009551     0  12938011     0  
CD009551     0  18449222     0  
CD009551     0  19895220     0  
CD009551     0  17646966     0  
CD009551     0  11872487     0  
CD009551     0  19801473     0  
CD009551     0  11031343     0  
CD009551     0  24725382     0  
CD009551     0  19678547     0  
CD009551     0  19238380     0  
CD009551     0  16034822     0  
CD009551     0  24626467     0  
CD009551     0  11592501     0  
CD009551     0  7972490      0  
CD009551     0  22142041     0  
CD009551     0  7854320      0  
CD009551     0  25851301     0  
CD009551     0  11850239     0  
CD009551     0  16832727     0  
CD009551     0  18695956     0  
CD009551     0  24555650     0  
CD009551     0  9546185      0  
CD009551     0  24712434     0  
CD009551     0  12469311     0  
CD009551     0  15755924     0  
CD009551     0  21882662     0  
CD009551     0  15645173     0  
CD009551     0  16315094     0  
CD009551     0  19589392     0  
CD009551     0  11588697     1  
CD009551     0  11204354     0  
CD009551     0  11376067     0  
CD009551     0  16094871     0  
CD009551     0  20626764     0  
CD009551     0  21689797     0  
CD009551     0  17617703     0  
CD009551     0  25421370     0  
CD009551     0  23522080     0  
CD009551     0  23973838     0  
CD009551     0  17886186     0  
CD009551     0  16892537     0  
CD009551     0  19618506     0  
CD009551     0  18385440     0  
CD009551     0  21440331     0  
CD009551     0  12355006     0  
CD009551     0  12069913     0  
CD009551     0  24655146     0  
CD009551     0  23314962     0  
CD009551     0  11204778     0  
CD009551     0  24164706     0  
CD009551     0  23147740     0  
CD009551     0  20823702     0  
CD009551     0  22634401     0  
CD009551     0  19448638     0  
CD009551     0  18254749     0  
CD009551     0  8880501      0  
CD009551     0  21221936     0  
CD009551     0  15880126     0  
CD009551     0  18510764     0  
CD009551     0  17715373     0  
CD009551     0  18798050     0  
CD009551     0  22230933     0  
CD009551     0  17806041     0  
CD009551     0  9574670      0  
CD009551     0  25596722     0  
CD009551     0  22532664     0  
CD009551     0  21090115     0  
CD009551     0  25363529     0  
CD009551     0  22114731     0  
CD009551     0  20205795     0  
CD009551     0  16421791     1  
CD009551     0  16421792     0  
CD009551     0  21724168     0  
CD009551     0  23231708     0  
CD009551     0  12486790     0  
CD009551     0  17334729     0  
CD009551     0  17395518     0  
CD009551     0  24818485     0  
CD009551     0  9373135      0  
CD009551     0  21605027     0  
CD009551     0  17983355     0  
CD009551     0  15451105     0  
CD009551     0  15451104     0  
CD009551     0  10799502     0  
CD009551     0  21227993     1  
CD009551     0  19111645     0  
CD009551     0  9756714      0  
CD009551     0  11520777     0  
CD009551     0  10930731     0  
CD009551     0  19731605     0  
CD009551     0  23287496     0  
CD009551     0  21518025     0  
CD009551     0  23517274     0  
CD009551     0  24376003     0  
CD009551     0  11085267     0  
CD009551     0  17420593     0  
CD009551     0  25464008     0  
CD009551     0  17905324     0  
CD009551     0  16517870     0  
CD009551     0  20306157     0  
CD009551     0  11479709     0  
CD009551     0  8575021      0  
CD009551     0  20807031     0  
CD009551     0  19621578     0  
CD009551     0  23805875     0  
CD009551     0  11429479     0  
CD009551     0  15933021     0  
CD009551     0  22069724     0  
CD009551     0  22795370     0  
CD009551     0  14663081     0  
CD009551     0  16255874     1  
CD009551     0  15715941     0  
CD009551     0  15549616     0  
CD009551     0  18543126     0  
CD009551     0  23886435     0  
CD009551     0  18820909     0  
CD009551     0  15681047     0  
CD009551     0  24065675     0  
CD009551     0  10899618     0  
CD009551     0  12653860     0  
CD009551     0  8572683      0  
CD009551     0  24548415     0  
CD009551     0  22028200     0  
CD009551     0  11939394     0  
CD009551     0  11680825     0  
CD009551     0  17965363     0  
CD009551     0  8795232      0  
CD009551     0  12914286     0  
CD009551     0  20563857     0  
CD009551     0  11222566     0  
CD009551     0  17636383     0  
CD009551     0  18594296     0  
CD009551     0  15634974     0  
CD009551     0  24676241     0  
CD009551     0  23420404     0  
CD009551     0  21793657     0  
CD009551     0  18713314     0  
CD009551     0  12450128     0  
CD009551     0  15791867     0  
CD009551     0  24742431     0  
CD009551     0  15064240     0  
CD009551     0  15297489     0  
CD009551     0  9778740      0  
CD009551     0  21510879     0  
CD009551     0  24548895     0  
CD009551     0  12111557     0  
CD009551     0  24555643     0  
CD009551     0  12967210     0  
CD009551     0  24555647     0  
CD009551     0  20526743     0  
CD009551     0  18588984     0  
CD009551     0  8065031      0  
CD009551     0  10846565     0  
CD009551     0  21417414     0  
CD009551     0  12848725     0  
CD009551     0  11999005     0  
CD009551     0  15847181     0  
CD009551     0  25518949     0  
CD009551     0  10085690     0  
CD009551     0  24037306     0  
CD009551     0  12777515     0  
CD009551     0  23139075     0  
CD009551     0  18266785     0  
CD009551     0  9871120      0  
CD009551     0  22593600     0  
CD009551     0  19566663     0  
CD009551     0  25883525     0  
CD009551     0  19205472     0  
CD009551     0  19557408     0  
CD009551     0  12092808     0  
CD009551     0  18051868     0  
CD009551     0  18095762     0  
CD009551     0  22143434     0  
CD009551     0  10377251     0  
CD009551     0  16779647     0  
CD009551     0  22450569     0  
CD009551     0  17366896     0  
CD009551     0  22904183     0  
CD009551     0  21623884     0  
CD009551     0  23154970     0  
CD009551     0  8181749      0  
CD009551     0  23252499     0  
CD009551     0  19258277     0  
CD009551     0  23078837     0  
CD009551     0  19161356     0  
CD009551     0  24726663     0  
CD009551     0  20183192     0  
CD009551     0  25836414     0  
CD009551     0  21277342     0  
CD009551     0  22505446     0  
CD009551     0  21513216     0  
CD009551     0  9290242      0  
CD009551     0  16207989     0  
CD009551     0  20416198     0  
CD009551     0  21741104     0  
CD009551     0  26024441     0  
CD009551     0  22196205     0  
CD009551     0  9523381      0  
CD009551     0  12432231     0  
CD009551     0  19835173     0  
CD009551     0  23884469     0  
CD009551     0  19255755     0  
CD009551     0  21273551     0  
CD009551     0  11526009     0  
CD009551     0  15019993     0  
CD009551     0  23231717     0  
CD009551     0  10052742     0  
CD009551     0  21861765     0  
CD009551     0  25385534     0  
CD009551     0  9141670      0  
CD009551     0  11932457     0  
CD009551     0  15872239     0  
CD009551     0  12596854     0  
CD009551     0  10732844     0  
CD009551     0  19196262     0  
CD009551     0  10228742     0  
CD009551     0  10592693     0  
CD009551     0  11240049     0  
CD009551     0  14626574     0  
CD009551     0  19673973     0  
CD009551     0  16111246     0  
CD009551     0  15470263     0  
CD009551     0  14556761     0  
CD009551     0  23101390     0  
CD009551     0  15058197     0  
CD009551     0  22650156     0  
CD009551     0  17420584     0  
CD009551     0  22863901     0  
CD009551     0  23650087     0  
CD009551     0  25193747     0  
CD009551     0  16496697     0  
CD009551     0  16499984     0  
CD009551     0  23109474     0  
CD009551     0  22069739     0  
CD009551     0  16830186     0  
CD009551     0  18279049     0  
CD009551     0  22069731     0  
CD009551     0  10974561     0  
CD009551     0  9217111      0  
CD009551     0  18643921     1  
CD009551     0  22453123     0  
CD009551     0  22112821     0  
CD009551     0  10459580     0  
CD009551     0  15574949     0  
CD009551     0  23801149     0  
CD009551     0  14750236     0  
CD009551     0  17035619     0  
CD009551     0  25084656     0  
CD009551     0  11929216     0  
CD009551     0  8690882      0  
CD009551     0  15249448     0  
CD009551     0  17273823     0  
CD009551     0  17804102     0  
CD009551     0  7789808      0  
CD009551     0  21450965     0  
CD009551     0  23614624     1  
CD009551     0  18832298     0  
CD009551     0  15466528     0  
CD009551     0  24457303     0  
CD009551     0  25130774     0  
CD009551     0  19855303     0  
CD009551     0  12784608     0  
CD009551     0  16391082     0  
CD009551     0  14662934     0  
CD009551     0  19684861     0  
CD009551     0  10435362     0  
CD009551     0  24291925     0  
CD009551     0  21339676     0  
CD009551     0  17268891     0  
CD009551     0  25072733     0  
CD009551     0  15037621     0  
CD009551     0  15108736     0  
CD009551     0  18688769     0  
CD009551     0  21181156     0  
CD009551     0  7650207      0  
CD009551     0  18088091     0  
CD009551     0  24026449     0  
CD009551     0  11325982     0  
CD009551     0  10775423     0  
CD009551     0  8890598      0  
CD009551     0  19024171     0  
CD009551     0  18429996     0  
CD009551     0  25023484     0  
CD009551     0  24313443     0  
CD009551     0  8521952      0  
CD009551     0  25918347     0  
CD009551     0  24535743     0  
CD009551     0  25261942     0  
CD009551     0  7764853      0  
CD009551     0  22805966     0  
CD009551     0  23799871     0  
CD009551     0  12777690     0  
CD009551     0  17682776     0  
CD009551     0  7961884      0  
CD009551     0  20486001     0  
CD009551     0  7934913      0  
CD009551     0  25741015     0  
CD009551     0  23621043     0  
CD009551     0  8586705      0  
CD009551     0  16091777     0  
CD009551     0  17016743     0  
CD009551     0  12487628     0  
CD009551     0  20735510     0  
CD009551     0  19835761     0  
CD009551     0  15129726     0  
CD009551     0  21255319     0  
CD009551     0  19741524     0  
CD009551     0  15327973     0  
CD009551     0  21551246     0  
CD009551     0  23959322     0  
CD009551     0  21441461     0  
CD009551     0  24113825     0  
CD009551     0  9930067      1  
CD009551     0  18415839     0  
CD009551     0  18331444     1  
CD009551     0  16457343     0  
CD009551     0  22906850     0  
CD009551     0  23644098     0  
CD009551     0  15504870     0  
CD009551     0  12958261     0  
CD009551     0  12010653     0  
CD009551     0  16156116     0  
CD009551     0  11693910     0  
CD009551     0  18687497     0  
CD009551     0  22248125     0  
CD009551     0  12709346     0  
CD009551     0  16616453     0  
CD009551     0  25336623     0  
CD009551     0  18992777     0  
CD009551     0  20035624     0  
CD009551     0  23337500     0  
CD009551     0  21203794     0  
CD009551     0  24699234     0  
CD009551     0  25482742     0  
CD009551     0  24071866     0  
CD009551     0  23391452     0  
CD009551     0  15872227     0  
CD009551     0  22265982     0  
CD009551     0  24936792     0  
CD009551     0  1322861      0  
CD009551     0  20035025     0  
CD009551     0  17375284     0  
CD009551     0  10480308     0  
CD009551     0  21335500     0  
CD009551     0  21535474     0  
CD009551     0  20347662     0  
CD009551     0  20952652     0  
CD009551     0  24095659     0  
CD009551     0  12036596     0  
CD009551     0  12652873     0  
CD009551     0  9615480      0  
CD009551     0  24915853     0  
CD009551     0  12853153     0  
CD009551     0  22164295     0  
CD009551     0  16019802     0  
CD009551     0  24893651     0  
CD009551     0  9852945      0  
CD009551     0  20574830     0  
CD009551     0  22952268     0  
CD009551     0  17680211     0  
CD009551     0  14645701     0  
CD009551     0  19403758     0  
CD009551     0  11211316     0  
CD009551     0  15879906     0  
CD009551     0  22101445     0  
CD009551     0  10445315     0  
CD009551     0  9371888      0  
CD009551     0  11023720     0  
CD009551     0  1516832      0  
CD009551     0  22843562     0  
CD009551     0  14723522     0  
CD009551     0  23043829     0  
CD009551     0  21477486     0  
CD009551     0  22455842     0  
CD009551     0  9084119      0  
CD009551     0  24491293     0  
CD009551     0  12964848     0  
CD009551     0  17158042     0  
CD009551     0  17366453     0  
CD009551     0  11358516     0  
CD009551     0  22414380     0  
CD009551     0  24351905     0  
CD009551     0  9071091      0  
CD009551     0  21755315     0  
CD009551     0  14727059     0  
CD009551     0  7823410      0  
CD009551     0  16145076     0  
CD009551     0  11799307     0  
CD009551     0  15130140     0  
CD009551     0  15059142     0  
CD009551     0  22219607     0  
CD009551     0  17194495     0  
CD009551     0  25482740     0  
CD009551     0  20106864     0  
CD009551     0  21118527     0  
CD009551     0  17202930     0  
CD009551     0  25253558     0  
CD009551     0  21465797     0  
CD009551     0  18541161     0  
CD009551     0  8359678      0  
CD009551     0  15904674     0  
CD009551     0  8748280      0  
CD009551     0  20704651     0  
CD009551     0  22608236     0  
CD009551     0  20352975     0  
CD009551     0  20667000     0  
