CD007427     0  16396700     0  
CD007427     0  16539812     0  
CD007427     0  17543142     0  
CD007427     0  19210869     0  
CD007427     0  15971426     0  
CD007427     0  19130160     0  
CD007427     0  19721141     0  
CD007427     0  17761004     0  
CD007427     0  19735563     0  
CD007427     0  19755551     0  
CD007427     0  19916693     0  
CD007427     0  16529658     0  
CD007427     0  20173149     0  
CD007427     0  20159134     0  
CD007427     0  20141988     0  
CD007427     0  20124055     0  
CD007427     0  20118325     0  
CD007427     0  20117638     0  
CD007427     0  20117637     0  
CD007427     0  20117623     0  
CD007427     0  20113764     0  
CD007427     0  20103576     0  
CD007427     0  20099338     0  
CD007427     0  20093612     0  
CD007427     0  20092372     0  
CD007427     0  20082510     0  
CD007427     0  20082183     0  
CD007427     0  20055356     0  
CD007427     0  20055350     0  
CD007427     0  20052957     0  
CD007427     0  20048092     0  
CD007427     0  20044683     0  
CD007427     0  20032738     0  
CD007427     0  20010297     0  
CD007427     0  20001474     0  
CD007427     0  19997667     0  
CD007427     0  19995682     0  
CD007427     0  19966099     0  
CD007427     0  19959652     0  
CD007427     0  19945585     0  
CD007427     0  19941361     0  
CD007427     0  19940295     0  
CD007427     0  19937459     0  
CD007427     0  19898856     0  
CD007427     0  19843625     0  
CD007427     0  19800263     0  
CD007427     0  19796962     0  
CD007427     0  19788959     0  
CD007427     0  19788957     0  
CD007427     0  19756589     0  
CD007427     0  19733487     0  
CD007427     0  19730855     0  
CD007427     0  19727754     0  
CD007427     0  19727741     0  
CD007427     0  19709709     0  
CD007427     0  19574063     0  
CD007427     0  19557486     0  
CD007427     0  19557410     0  
CD007427     0  19556150     0  
CD007427     0  19556149     0  
CD007427     0  19556147     0  
CD007427     0  19556145     0  
CD007427     0  19543862     0  
CD007427     0  19540777     0  
CD007427     0  19471947     0  
CD007427     0  19221749     0  
CD007427     0  19214508     0  
CD007427     0  19184069     0  
CD007427     0  18463295     0  
CD007427     0  20166353     0  
CD007427     0  20108852     0  
CD007427     0  20108851     0  
CD007427     0  20049352     0  
CD007427     0  20048492     0  
CD007427     0  20041388     0  
CD007427     0  20025761     0  
CD007427     0  20023356     0  
CD007427     0  20016342     0  
CD007427     0  20015356     0  
CD007427     0  20001935     0  
CD007427     0  20000305     0  
CD007427     0  19999868     0  
CD007427     0  19995498     0  
CD007427     0  19995495     0  
CD007427     0  19969160     0  
CD007427     0  19968873     0  
CD007427     0  19968228     0  
CD007427     0  19962062     0  
CD007427     0  19956481     0  
CD007427     0  19956476     0  
CD007427     0  19954099     0  
CD007427     0  19952240     0  
CD007427     0  19949122     0  
CD007427     0  19940315     0  
CD007427     0  19934137     0  
CD007427     0  19933654     0  
CD007427     0  19930909     0  
CD007427     0  19911087     0  
CD007427     0  19908421     0  
CD007427     0  19896047     0  
CD007427     0  19887296     0  
CD007427     0  19887292     0  
CD007427     0  19887291     0  
CD007427     0  19887215     0  
CD007427     0  19885050     0  
CD007427     0  19884997     0  
CD007427     0  19880677     0  
CD007427     0  19863417     0  
CD007427     0  19857179     0  
CD007427     0  19841837     0  
CD007427     0  19834364     0  
CD007427     0  19833290     0  
CD007427     0  19824592     0  
CD007427     0  19818700     0  
CD007427     0  19811715     0  
CD007427     0  19805691     0  
CD007427     0  19801287     0  
CD007427     0  19801286     0  
CD007427     0  19800279     0  
CD007427     0  19794220     0  
CD007427     0  19794168     0  
CD007427     0  19790063     0  
CD007427     0  19787502     0  
CD007427     0  19776342     0  
CD007427     0  19776341     0  
CD007427     0  19776338     0  
CD007427     0  19773527     0  
CD007427     0  19770304     0  
CD007427     0  19769913     0  
CD007427     0  19769415     0  
CD007427     0  19751026     0  
CD007427     0  19750995     0  
CD007427     0  19742087     0  
CD007427     0  19741350     0  
CD007427     0  19739591     0  
CD007427     0  19732644     0  
CD007427     0  19732642     0  
CD007427     0  19730814     0  
CD007427     0  19725488     0  
CD007427     0  19714274     0  
CD007427     0  19711173     0  
CD007427     0  19711171     0  
CD007427     0  19711169     0  
CD007427     0  19708636     0  
CD007427     0  19708628     0  
CD007427     0  19708627     0  
CD007427     0  19703862     0  
CD007427     0  19696281     0  
CD007427     0  19693488     0  
CD007427     0  19683822     0  
CD007427     0  19664513     0  
CD007427     0  19664511     0  
CD007427     0  19664508     0  
CD007427     0  19664505     0  
CD007427     0  19664504     0  
CD007427     0  19661772     0  
CD007427     0  19651951     0  
CD007427     0  19651947     0  
CD007427     0  19648720     0  
CD007427     0  19644905     0  
CD007427     0  19638819     0  
CD007427     0  19637306     0  
CD007427     0  19634824     0  
CD007427     0  19633301     0  
CD007427     0  19630975     0  
CD007427     0  19588386     0  
CD007427     0  19586809     0  
CD007427     0  19571297     0  
CD007427     0  19571081     0  
CD007427     0  19570214     0  
CD007427     0  19567856     0  
CD007427     0  19565221     0  
CD007427     0  19562265     0  
CD007427     0  19561254     0  
CD007427     0  19560634     0  
CD007427     0  19559371     0  
CD007427     0  19557430     0  
CD007427     0  19556468     0  
CD007427     0  19543893     0  
CD007427     0  19543668     0  
CD007427     0  19541525     0  
CD007427     0  19540489     0  
CD007427     0  19539441     0  
CD007427     0  19533121     0  
CD007427     0  19531660     0  
CD007427     0  19523637     0  
CD007427     0  19521014     0  
CD007427     0  19515583     0  
CD007427     0  19509414     0  
CD007427     0  19504120     0  
CD007427     0  19502669     0  
CD007427     0  19501298     0  
CD007427     0  19501291     0  
CD007427     0  19501288     0  
CD007427     0  19501287     0  
CD007427     0  19501286     0  
CD007427     0  19501285     0  
CD007427     0  19494761     0  
CD007427     0  19494758     0  
CD007427     0  19489707     0  
CD007427     0  19487518     0  
CD007427     0  19487132     0  
CD007427     0  19483078     0  
CD007427     0  19482902     0  
CD007427     0  19481961     0  
CD007427     0  19481859     0  
CD007427     0  19480907     0  
CD007427     0  19479707     0  
CD007427     0  19467911     0  
CD007427     0  19464039     0  
CD007427     0  19461244     0  
CD007427     0  19457838     0  
CD007427     0  19451760     0  
CD007427     0  19448877     0  
CD007427     0  19440695     0  
CD007427     0  19434458     0  
CD007427     0  19427282     0  
CD007427     0  19427235     0  
CD007427     0  19427234     0  
CD007427     0  19423421     0  
CD007427     0  19421915     0  
CD007427     0  19421749     0  
CD007427     0  19411640     0  
CD007427     0  19409313     0  
CD007427     0  19409308     0  
CD007427     0  19409148     0  
CD007427     0  19407290     0  
CD007427     0  19394170     0  
CD007427     0  19390877     0  
CD007427     0  19390451     0  
CD007427     0  19385554     0  
CD007427     0  19385552     0  
CD007427     0  19385535     0  
CD007427     0  19380327     0  
CD007427     0  19376471     0  
CD007427     0  19367520     0  
CD007427     0  19364887     0  
CD007427     0  19359418     0  
CD007427     0  19358393     0  
CD007427     0  19349223     0  
CD007427     0  19346624     0  
CD007427     0  19346036     0  
CD007427     0  19341923     0  
CD007427     0  19341920     0  
CD007427     0  19336812     0  
CD007427     0  19334007     0  
CD007427     0  19318282     0  
CD007427     0  19309049     0  
CD007427     0  19307331     0  
CD007427     0  19297198     0  
CD007427     0  19295959     0  
CD007427     0  19294409     0  
CD007427     0  19294378     0  
CD007427     0  19294377     0  
CD007427     0  19291933     0  
CD007427     0  19286910     0  
CD007427     0  19269861     0  
CD007427     0  19269860     0  
CD007427     0  19264706     0  
CD007427     0  19261903     0  
CD007427     0  19258623     0  
CD007427     0  19255197     0  
CD007427     0  19255196     0  
CD007427     0  19254852     0  
CD007427     0  19254618     0  
CD007427     0  19253465     0  
CD007427     0  19252895     0  
CD007427     0  19250238     0  
CD007427     0  19250050     0  
CD007427     0  19246558     0  
CD007427     0  19245998     0  
CD007427     0  19245991     0  
CD007427     0  19243722     0  
CD007427     0  19239706     0  
CD007427     0  19234889     0  
CD007427     0  19234269     0  
CD007427     0  19230608     1  
CD007427     0  19229046     0  
CD007427     0  19229044     0  
CD007427     0  19226041     0  
CD007427     0  19225775     0  
CD007427     0  19224061     0  
CD007427     0  19223206     0  
CD007427     0  19223205     0  
CD007427     0  19219317     0  
CD007427     0  19218053     0  
CD007427     0  19214690     0  
CD007427     0  19214689     0  
CD007427     0  19213574     0  
CD007427     0  19208486     0  
CD007427     0  19208484     0  
CD007427     0  19204551     0  
CD007427     0  19204368     0  
CD007427     0  19204365     0  
CD007427     0  19204363     0  
CD007427     0  19194024     0  
CD007427     0  19194018     0  
CD007427     0  19190054     0  
CD007427     0  19190053     0  
CD007427     0  19188318     0  
CD007427     0  19186080     0  
CD007427     0  19185661     0  
CD007427     0  19184264     0  
CD007427     0  19182042     0  
CD007427     0  19181974     0  
CD007427     0  19181972     1  
CD007427     0  19171279     0  
CD007427     0  19171276     0  
CD007427     0  19168731     0  
CD007427     0  19160210     0  
CD007427     0  19155413     0  
CD007427     0  19154541     0  
CD007427     0  19147374     0  
CD007427     0  19147319     0  
CD007427     0  19132346     0  
CD007427     0  19128986     0  
CD007427     0  19128949     0  
CD007427     0  19111477     0  
CD007427     0  19111216     0  
CD007427     0  19111212     0  
CD007427     0  19102574     0  
CD007427     0  19100365     0  
CD007427     0  19098184     0  
CD007427     0  19095895     0  
CD007427     0  19095463     0  
CD007427     0  19095462     0  
CD007427     0  19095185     0  
CD007427     0  19091597     0  
CD007427     0  19089523     0  
CD007427     0  19082679     0  
CD007427     0  19077723     0  
CD007427     0  19062313     0  
CD007427     0  19062307     0  
CD007427     0  19059897     0  
CD007427     0  19059895     1  
CD007427     0  19059890     0  
CD007427     0  19059801     1  
CD007427     0  19058978     0  
CD007427     0  19054712     0  
CD007427     0  19052931     0  
CD007427     0  19046640     0  
CD007427     0  19042920     0  
CD007427     0  19037684     0  
CD007427     0  19031167     0  
CD007427     0  19020860     0  
CD007427     0  19011582     0  
CD007427     0  19002667     0  
CD007427     0  18996735     1  
CD007427     0  18974973     0  
CD007427     0  18974971     0  
CD007427     0  18956186     0  
CD007427     0  18932240     0  
CD007427     0  18927254     0  
CD007427     0  18850322     0  
CD007427     0  18843038     0  
CD007427     0  18838403     1  
CD007427     0  18835792     0  
CD007427     0  18835532     0  
CD007427     0  18830795     0  
CD007427     0  18815043     0  
CD007427     0  18812420     0  
CD007427     0  18805038     0  
CD007427     0  18804400     0  
CD007427     0  18799326     0  
CD007427     0  18788982     0  
CD007427     0  18752983     0  
CD007427     0  18725652     0  
CD007427     0  18703377     0  
CD007427     0  18692515     0  
CD007427     0  18617434     0  
CD007427     0  18607610     0  
CD007427     0  18456541     1  
CD007427     0  18436467     0  
CD007427     0  18422568     0  
CD007427     0  18414860     0  
CD007427     0  18392621     0  
CD007427     0  18379801     0  
CD007427     0  18358760     0  
CD007427     0  18329943     1  
CD007427     0  18282782     0  
CD007427     0  18256834     0  
CD007427     0  18094970     0  
CD007427     0  18092172     0  
CD007427     0  17709261     0  
CD007427     0  19450093     0  
CD007427     0  19391320     0  
CD007427     0  19292408     0  
CD007427     0  19292357     0  
CD007427     0  19292311     0  
CD007427     0  19292236     0  
CD007427     0  19292164     0  
CD007427     0  19260383     0  
CD007427     0  19153544     0  
CD007427     0  19153543     0  
CD007427     0  19149346     0  
CD007427     0  19134085     0  
CD007427     0  19128677     0  
CD007427     0  19122404     0  
CD007427     0  19089538     0  
CD007427     0  19086715     0  
CD007427     0  19083717     1  
CD007427     0  19082409     0  
CD007427     0  19064154     0  
CD007427     0  19064153     1  
CD007427     0  19064151     0  
CD007427     0  19064147     1  
CD007427     0  19064146     0  
CD007427     0  19058690     0  
CD007427     0  19047718     0  
CD007427     0  19047705     0  
CD007427     0  19043356     0  
CD007427     0  19038713     0  
CD007427     0  19038712     0  
CD007427     0  19038709     0  
CD007427     0  19034169     0  
CD007427     0  19030134     0  
CD007427     0  19030133     0  
CD007427     0  19028254     0  
CD007427     0  19028166     0  
CD007427     0  19028159     0  
CD007427     0  19020211     0  
CD007427     0  19019228     0  
CD007427     0  19015405     0  
CD007427     0  19008580     0  
CD007427     0  18998062     0  
CD007427     0  18996236     0  
CD007427     0  18992694     0  
CD007427     0  18984247     0  
CD007427     0  18978411     0  
CD007427     0  18978266     0  
CD007427     0  18971056     0  
CD007427     0  18955427     0  
CD007427     0  18953975     0  
CD007427     0  18939988     0  
CD007427     0  18937522     0  
CD007427     0  18929031     0  
CD007427     0  18850503     0  
CD007427     0  18847508     0  
CD007427     0  18837193     0  
CD007427     0  18837192     0  
CD007427     0  18836278     0  
CD007427     0  18829940     0  
CD007427     0  18829907     0  
CD007427     0  18827253     0  
CD007427     0  18827245     0  
CD007427     0  18820310     0  
CD007427     0  18818900     0  
CD007427     0  18818103     0  
CD007427     0  18806513     0  
CD007427     0  18803980     0  
CD007427     0  18803437     0  
CD007427     0  18786837     0  
CD007427     0  18774738     0  
CD007427     0  18774737     0  
CD007427     0  18773481     0  
CD007427     0  18762651     0  
CD007427     0  18760633     0  
CD007427     0  18760216     0  
CD007427     0  18760215     0  
CD007427     0  18760208     0  
CD007427     0  18760207     0  
CD007427     0  18760206     0  
CD007427     0  18760204     0  
CD007427     0  18760203     0  
CD007427     0  18758750     0  
CD007427     0  18758045     0  
CD007427     0  18757763     0  
CD007427     0  18721119     1  
CD007427     0  18719334     0  
CD007427     0  18718766     0  
CD007427     0  18712359     0  
CD007427     0  18708847     0  
CD007427     0  18703980     0  
CD007427     0  18697951     0  
CD007427     0  18696196     0  
CD007427     0  18691376     0  
CD007427     0  18689639     0  
CD007427     0  18686469     0  
CD007427     0  18678575     0  
CD007427     0  18657747     0  
CD007427     0  18657744     0  
CD007427     0  18657743     0  
CD007427     0  18657742     0  
CD007427     0  18644738     0  
CD007427     0  18641370     0  
CD007427     0  18636397     0  
CD007427     0  18629425     0  
CD007427     0  18621553     0  
CD007427     0  18618117     0  
CD007427     0  18612582     0  
CD007427     0  18608363     0  
CD007427     0  18608021     0  
CD007427     0  18607647     0  
CD007427     0  18605360     0  
CD007427     0  18599231     0  
CD007427     0  18595743     0  
CD007427     0  18594094     0  
CD007427     0  18592217     0  
CD007427     0  18591761     0  
CD007427     0  18591599     0  
CD007427     0  18591598     0  
CD007427     0  18589276     0  
CD007427     0  18589262     0  
CD007427     0  18589261     0  
CD007427     0  18587506     0  
CD007427     0  18587147     0  
CD007427     0  18585063     0  
CD007427     0  18584164     0  
CD007427     0  18564471     0  
CD007427     0  18562731     0  
CD007427     0  18560194     0  
CD007427     0  18559470     0  
CD007427     0  18558498     0  
CD007427     0  18555732     1  
CD007427     0  18549744     0  
CD007427     0  18548557     0  
CD007427     0  18548095     0  
CD007427     0  18543050     0  
CD007427     0  18542952     0  
CD007427     0  18539948     0  
CD007427     0  18539669     0  
CD007427     0  18523035     1  
CD007427     0  18515961     1  
CD007427     0  18514115     0  
CD007427     0  18514110     0  
CD007427     0  18511530     0  
CD007427     0  18509791     0  
CD007427     0  18503815     1  
CD007427     0  18499376     0  
CD007427     0  18495968     0  
CD007427     0  18483248     0  
CD007427     0  18475240     0  
CD007427     0  18458243     0  
CD007427     0  18455944     0  
CD007427     0  18451387     0  
CD007427     0  18450641     0  
CD007427     0  18449121     0  
CD007427     0  18449120     0  
CD007427     0  18448579     0  
CD007427     0  18443279     0  
CD007427     0  18443274     0  
CD007427     0  18442686     0  
CD007427     0  18442682     0  
CD007427     0  18442680     1  
CD007427     0  18438933     0  
CD007427     0  18434667     0  
CD007427     0  18434666     0  
CD007427     0  18430594     0  
CD007427     0  18430593     0  
CD007427     0  18420213     0  
CD007427     0  18418574     0  
CD007427     0  18416592     0  
CD007427     0  18413680     0  
CD007427     0  18412933     1  
CD007427     0  18410039     0  
CD007427     0  18406951     0  
CD007427     0  18406557     0  
CD007427     0  18405388     0  
CD007427     0  18403402     0  
CD007427     0  18400443     0  
CD007427     0  18399607     0  
CD007427     0  18399578     0  
CD007427     0  18399573     0  
CD007427     0  18398679     0  
CD007427     0  18394503     0  
CD007427     0  18387766     0  
CD007427     0  18375785     0  
CD007427     0  18375587     0  
CD007427     0  18375403     1  
CD007427     0  18375285     0  
CD007427     0  18375271     0  
CD007427     0  18375269     0  
CD007427     0  18375268     0  
CD007427     0  18372195     0  
CD007427     0  18369594     0  
CD007427     0  18363045     0  
CD007427     0  18359822     0  
CD007427     0  18357656     1  
CD007427     0  18354718     0  
CD007427     0  18354142     0  
CD007427     0  18354140     0  
CD007427     0  18347887     0  
CD007427     0  18347778     0  
CD007427     0  18341417     0  
CD007427     0  18332687     0  
CD007427     0  18328740     0  
CD007427     0  18327800     0  
CD007427     0  18327798     0  
CD007427     0  18326164     0  
CD007427     0  18325787     0  
CD007427     0  18325640     0  
CD007427     0  18322690     0  
CD007427     0  18320386     0  
CD007427     0  18320381     0  
CD007427     0  18320380     0  
CD007427     0  18320379     1  
CD007427     0  18316156     0  
CD007427     0  18315376     0  
CD007427     0  18312783     0  
CD007427     0  18310705     0  
CD007427     0  18309381     0  
CD007427     0  18309180     0  
CD007427     0  18308870     0  
CD007427     0  18308190     0  
CD007427     0  18308183     1  
CD007427     0  18301053     0  
CD007427     0  18295091     0  
CD007427     0  18288547     0  
CD007427     0  18282725     0  
CD007427     0  18280016     0  
CD007427     0  18273602     0  
CD007427     0  18272798     0  
CD007427     0  18270389     0  
CD007427     0  18265897     0  
CD007427     0  18264855     0  
CD007427     0  18259822     0  
CD007427     0  18254085     0  
CD007427     0  18245591     0  
CD007427     0  18243202     0  
CD007427     0  18237707     0  
CD007427     0  18236730     0  
CD007427     0  18230127     0  
CD007427     0  18218328     0  
CD007427     0  18218327     0  
CD007427     0  18216272     0  
CD007427     0  18212348     0  
CD007427     0  18207431     0  
CD007427     0  18205566     0  
CD007427     0  18201659     0  
CD007427     0  18201657     0  
CD007427     0  18201656     0  
CD007427     0  18201655     0  
CD007427     0  18201653     0  
CD007427     0  18201652     0  
CD007427     0  18196406     0  
CD007427     0  18191958     0  
CD007427     0  18183574     0  
CD007427     0  18182198     0  
CD007427     0  18182197     0  
CD007427     0  18162415     0  
CD007427     0  18162412     0  
CD007427     0  18157491     0  
CD007427     0  18069016     0  
CD007427     0  18069014     0  
CD007427     0  18069013     0  
CD007427     0  18069008     0  
CD007427     0  18066578     0  
CD007427     0  18066527     0  
CD007427     0  18036846     0  
CD007427     0  18036841     0  
CD007427     0  18036840     0  
CD007427     0  18036839     0  
CD007427     0  18036836     0  
CD007427     0  18026174     0  
CD007427     0  18006679     0  
CD007427     0  18006676     0  
CD007427     0  18006674     1  
CD007427     0  18000651     0  
CD007427     0  17998780     0  
CD007427     0  17996874     0  
CD007427     0  17991739     0  
CD007427     0  17983693     0  
CD007427     0  17982742     0  
CD007427     0  17967482     0  
CD007427     0  17964819     0  
CD007427     0  17940825     0  
CD007427     0  17940144     0  
CD007427     0  17936055     0  
CD007427     0  17936025     0  
CD007427     0  17932406     0  
CD007427     0  17932402     1  
CD007427     0  17931909     0  
CD007427     0  17931908     0  
CD007427     0  17913564     0  
CD007427     0  17885223     0  
CD007427     0  17851709     0  
CD007427     0  17720798     1  
CD007427     0  17684730     0  
CD007427     0  17622545     0  
CD007427     0  17614031     0  
CD007427     0  17459709     0  
CD007427     0  17342555     0  
CD007427     0  17254801     0  
CD007427     0  17203268     0  
CD007427     0  18198786     0  
CD007427     0  18156593     0  
CD007427     0  18095244     0  
CD007427     0  18085187     0  
CD007427     0  18085186     0  
CD007427     0  18063188     0  
CD007427     0  18063173     0  
CD007427     0  18063172     0  
CD007427     0  18063171     0  
CD007427     0  18061116     0  
CD007427     0  18061114     0  
CD007427     0  18061113     0  
CD007427     0  18057671     0  
CD007427     0  18057358     0  
CD007427     0  18046179     0  
CD007427     0  18043780     0  
CD007427     0  18043022     0  
CD007427     0  18033608     0  
CD007427     0  18019988     0  
CD007427     0  18019983     0  
CD007427     0  18004606     0  
CD007427     0  18004222     0  
CD007427     0  17998184     0  
CD007427     0  17986401     0  
CD007427     0  17985541     0  
CD007427     0  17984448     0  
CD007427     0  17983467     0  
CD007427     0  17980629     0  
CD007427     0  17974892     0  
CD007427     0  17974879     0  
CD007427     0  17974874     0  
CD007427     0  17964816     0  
CD007427     0  17957076     0  
CD007427     0  17957065     0  
CD007427     0  17957023     0  
CD007427     0  17954659     0  
CD007427     0  17951670     0  
CD007427     0  17951350     0  
CD007427     0  17950628     0  
CD007427     0  17939614     0  
CD007427     0  17939484     0  
CD007427     0  17937973     0  
CD007427     0  17931906     0  
CD007427     0  17931904     0  
CD007427     0  17931898     0  
CD007427     0  17923308     0  
CD007427     0  17916488     0  
CD007427     0  17916487     0  
CD007427     0  17916468     0  
CD007427     0  17916467     0  
CD007427     0  17908895     0  
CD007427     0  17908886     0  
CD007427     0  17908566     0  
CD007427     0  17907433     0  
CD007427     0  17906420     0  
CD007427     0  17903710     0  
CD007427     0  17894592     0  
CD007427     0  17889340     0  
CD007427     0  17885069     0  
CD007427     0  17883968     0  
CD007427     0  17883186     0  
CD007427     0  17882047     0  
CD007427     0  17878796     0  
CD007427     0  17868838     0  
CD007427     0  17868836     0  
CD007427     0  17848703     0  
CD007427     0  17768188     0  
CD007427     0  17768186     0  
CD007427     0  17728983     0  
CD007427     0  17728506     1  
CD007427     0  17724559     0  
CD007427     0  17721701     0  
CD007427     0  17711424     0  
CD007427     0  17711038     0  
CD007427     0  17708564     0  
CD007427     0  17690321     0  
CD007427     0  17687121     0  
CD007427     0  17682625     0  
CD007427     0  17681200     0  
CD007427     0  17681199     0  
CD007427     0  17678764     0  
CD007427     0  17671017     0  
CD007427     0  17671016     0  
CD007427     0  17671007     0  
CD007427     0  17665470     0  
CD007427     0  17665351     1  
CD007427     0  17664342     0  
CD007427     0  17653559     0  
CD007427     0  17653045     0  
CD007427     0  17644006     0  
CD007427     0  17637405     0  
CD007427     0  17636656     0  
CD007427     0  17629508     0  
CD007427     0  17629505     0  
CD007427     0  17624527     0  
CD007427     0  17620810     1  
CD007427     0  17617900     0  
CD007427     0  17613690     0  
CD007427     0  17613208     0  
CD007427     0  17612357     0  
CD007427     0  17609529     0  
CD007427     0  17606793     0  
CD007427     0  17606784     0  
CD007427     0  17604857     0  
CD007427     0  17602032     0  
CD007427     0  17601479     0  
CD007427     0  17598944     0  
CD007427     0  17598493     0  
CD007427     0  17597949     0  
CD007427     0  17596002     0  
CD007427     0  17588838     0  
CD007427     0  17584933     0  
CD007427     0  17583540     0  
CD007427     0  17581904     0  
CD007427     0  17581723     0  
CD007427     0  17574876     0  
CD007427     0  17568992     0  
CD007427     0  17564776     0  
CD007427     0  17563662     0  
CD007427     0  17560802     0  
CD007427     0  17560699     0  
CD007427     0  17560471     0  
CD007427     0  17554104     0  
CD007427     0  17545443     0  
CD007427     0  17545428     0  
CD007427     0  17545420     0  
CD007427     0  17536907     0  
CD007427     0  17534600     0  
CD007427     0  17531513     0  
CD007427     0  17530226     0  
CD007427     0  17527100     0  
CD007427     0  17524676     0  
CD007427     0  17520356     0  
CD007427     0  17519440     0  
CD007427     0  17514177     0  
CD007427     0  17513136     0  
CD007427     0  17512483     0  
CD007427     0  17509903     0  
CD007427     0  17509150     0  
CD007427     0  17508210     0  
CD007427     0  17504318     1  
CD007427     0  17504312     1  
CD007427     0  17498588     0  
CD007427     0  17497133     0  
CD007427     0  17497132     0  
CD007427     0  17489525     0  
CD007427     0  17478654     1  
CD007427     0  17478283     0  
CD007427     0  17473131     0  
CD007427     0  17473129     0  
CD007427     0  17473128     0  
CD007427     0  17467393     0  
CD007427     0  17464615     0  
CD007427     0  17461398     1  
CD007427     0  17461283     0  
CD007427     0  17460813     0  
CD007427     0  17454799     0  
CD007427     0  17452913     0  
CD007427     0  17452513     0  
CD007427     0  17447711     0  
CD007427     0  17438656     0  
CD007427     0  17430826     0  
CD007427     0  17430286     0  
CD007427     0  17418345     0  
CD007427     0  17418339     0  
CD007427     0  17418325     0  
CD007427     0  17416129     0  
CD007427     0  17416125     0  
CD007427     0  17416123     0  
CD007427     0  17415560     0  
CD007427     0  17414018     0  
CD007427     0  17409389     0  
CD007427     0  17408977     0  
CD007427     0  17403801     0  
CD007427     0  17403799     0  
CD007427     0  17403796     0  
CD007427     0  17399624     0  
CD007427     0  17399619     0  
CD007427     0  17398273     0  
CD007427     0  17393674     0  
CD007427     0  17390133     0  
CD007427     0  17387217     0  
CD007427     0  17380328     0  
CD007427     0  17375448     0  
CD007427     0  17375296     0  
CD007427     0  17369556     0  
CD007427     0  17363294     0  
CD007427     0  17363292     0  
CD007427     0  17356145     0  
CD007427     0  17352416     0  
CD007427     0  17350676     0  
CD007427     0  17349485     0  
CD007427     0  17349464     0  
CD007427     0  17346865     0  
CD007427     0  17340161     0  
CD007427     0  17337727     0  
CD007427     0  17337723     0  
CD007427     0  17334761     0  
CD007427     0  17333123     0  
CD007427     0  17333122     0  
CD007427     0  17332124     0  
CD007427     0  17332121     0  
CD007427     0  17332108     0  
CD007427     0  17325518     0  
CD007427     0  17321166     0  
CD007427     0  17321153     0  
CD007427     0  17319414     0  
CD007427     0  17308474     0  
CD007427     0  17304073     0  
CD007427     0  17304065     0  
CD007427     0  17303998     0  
CD007427     0  17300787     0  
CD007427     0  17293473     0  
CD007427     0  17279424     0  
CD007427     0  17279037     1  
CD007427     0  17278923     0  
CD007427     0  17276230     0  
CD007427     0  17276220     0  
CD007427     0  17267769     0  
CD007427     0  17267765     0  
CD007427     0  17241642     0  
CD007427     0  17235009     0  
CD007427     0  17225150     0  
CD007427     0  17210431     0  
CD007427     0  17210430     1  
CD007427     0  17210426     0  
CD007427     0  17210425     0  
CD007427     0  17196721     0  
CD007427     0  17196354     0  
CD007427     0  17188911     0  
CD007427     0  17187282     0  
CD007427     0  17186246     0  
CD007427     0  17182647     0  
CD007427     0  17179786     1  
CD007427     0  17178772     0  
CD007427     0  17169585     0  
CD007427     0  17169582     0  
CD007427     0  17151798     0  
CD007427     0  17149764     0  
CD007427     0  17142003     0  
CD007427     0  17138640     0  
CD007427     0  17113323     0  
CD007427     0  17113320     0  
CD007427     0  17113319     0  
CD007427     0  17113317     0  
CD007427     0  17106273     0  
CD007427     0  17097315     0  
CD007427     0  17096173     0  
CD007427     0  17091010     0  
CD007427     0  17086382     0  
CD007427     0  17064824     0  
CD007427     0  17054111     0  
CD007427     0  17036154     0  
CD007427     0  17034796     0  
CD007427     0  17031613     0  
CD007427     0  17021902     0  
CD007427     0  17011216     0  
CD007427     0  17004263     0  
CD007427     0  16971161     0  
CD007427     0  16969638     0  
CD007427     0  16964514     0  
CD007427     0  16963286     0  
CD007427     0  16963284     0  
CD007427     0  16947053     0  
CD007427     0  16944235     0  
CD007427     0  16934979     0  
CD007427     0  16927096     0  
CD007427     0  16927088     0  
CD007427     0  16927071     0  
CD007427     0  16905621     0  
CD007427     0  16900354     0  
CD007427     0  16787446     0  
CD007427     0  16774650     0  
CD007427     0  16738925     0  
CD007427     0  16715240     0  
CD007427     0  16691385     0  
CD007427     0  16683236     0  
CD007427     0  16600252     0  
CD007427     0  16426788     0  
CD007427     0  19610545     0  
CD007427     0  17343249     0  
CD007427     0  17214391     0  
CD007427     0  17195127     0  
CD007427     0  17193870     0  
CD007427     0  17193867     0  
CD007427     0  17157729     0  
CD007427     0  17157728     0  
CD007427     0  17148619     1  
CD007427     0  17145874     0  
CD007427     0  17143983     0  
CD007427     0  17138842     0  
CD007427     0  17137058     0  
CD007427     0  17134052     0  
CD007427     0  17126245     0  
CD007427     0  17126241     0  
CD007427     0  17087883     0  
CD007427     0  17084292     0  
CD007427     0  17084291     0  
CD007427     0  17079400     0  
CD007427     0  17077728     0  
CD007427     0  17076461     0  
CD007427     0  17075837     0  
CD007427     0  17075105     0  
CD007427     0  17073249     0  
CD007427     0  17072446     0  
CD007427     0  17055750     0  
CD007427     0  17054230     0  
CD007427     0  17042899     0  
CD007427     0  17042025     0  
CD007427     0  17039215     0  
CD007427     0  17030126     0  
CD007427     0  17028867     0  
CD007427     0  17027412     0  
CD007427     0  17027405     1  
CD007427     0  17027404     0  
CD007427     0  17017270     0  
CD007427     0  17016557     0  
CD007427     0  17016215     0  
CD007427     0  17001436     0  
CD007427     0  16985130     0  
CD007427     0  16979917     0  
CD007427     0  16979061     0  
CD007427     0  16979053     0  
CD007427     0  16979052     0  
CD007427     0  16979047     0  
CD007427     0  16979046     0  
CD007427     0  16973781     0  
CD007427     0  16963285     0  
CD007427     0  16958438     0  
CD007427     0  16958437     1  
CD007427     0  16958434     0  
CD007427     0  16952733     0  
CD007427     0  16952721     0  
CD007427     0  16951091     0  
CD007427     0  16951090     0  
CD007427     0  16943859     1  
CD007427     0  16921511     0  
CD007427     0  16918119     0  
CD007427     0  16915981     0  
CD007427     0  16915978     1  
CD007427     0  16910855     0  
CD007427     0  16906084     0  
CD007427     0  16899656     0  
CD007427     0  16896671     0  
CD007427     0  16894391     0  
CD007427     0  16892932     0  
CD007427     0  16890886     0  
CD007427     0  16889138     0  
CD007427     0  16885478     0  
CD007427     0  16882896     0  
CD007427     0  16882895     0  
CD007427     0  16882890     0  
CD007427     0  16881468     0  
CD007427     0  16881467     0  
CD007427     0  16881465     0  
CD007427     0  16879042     0  
CD007427     0  16878835     0  
CD007427     0  16878833     0  
CD007427     0  16871412     0  
CD007427     0  16870821     0  
CD007427     0  16869012     0  
CD007427     0  16862340     0  
CD007427     0  16861541     0  
CD007427     0  16857978     0  
CD007427     0  16849802     0  
CD007427     0  16848064     0  
CD007427     0  16846761     0  
CD007427     0  16845547     0  
CD007427     0  16843811     0  
CD007427     0  16843808     0  
CD007427     0  16843807     0  
CD007427     0  16843805     0  
CD007427     0  16840776     0  
CD007427     0  16839648     0  
CD007427     0  16831646     0  
CD007427     0  16831643     0  
CD007427     0  16831639     0  
CD007427     0  16829247     0  
CD007427     0  16826091     0  
CD007427     0  16822450     1  
CD007427     0  16820984     0  
CD007427     0  16818978     0  
CD007427     0  16818975     0  
CD007427     0  16818969     0  
CD007427     0  16813452     0  
CD007427     0  16808992     0  
CD007427     0  16798138     0  
CD007427     0  16798137     0  
CD007427     0  16798047     0  
CD007427     0  16781433     0  
CD007427     0  16781027     0  
CD007427     0  16779827     0  
CD007427     0  16779813     0  
CD007427     0  16778635     0  
CD007427     0  16776489     0  
CD007427     0  16775714     0  
CD007427     0  16766370     0  
CD007427     0  16762721     0  
CD007427     0  16762701     0  
CD007427     0  16762699     0  
CD007427     0  16762695     0  
CD007427     0  16762585     0  
CD007427     0  16751732     0  
CD007427     0  16741738     0  
CD007427     0  16735587     1  
CD007427     0  16734166     0  
CD007427     0  16731223     0  
CD007427     0  16729747     0  
CD007427     0  16721363     0  
CD007427     0  16720768     0  
CD007427     0  16715658     0  
CD007427     0  16709790     0  
CD007427     0  16709684     0  
CD007427     0  16685091     0  
CD007427     0  16680380     0  
CD007427     0  16679241     0  
CD007427     0  16679239     0  
CD007427     0  16679233     0  
CD007427     0  16679232     0  
CD007427     0  16679227     0  
CD007427     0  16679225     0  
CD007427     0  16651565     0  
CD007427     0  16651166     0  
CD007427     0  16651165     0  
CD007427     0  16651163     0  
CD007427     0  16651161     0  
CD007427     0  16649891     0  
CD007427     0  16643194     0  
CD007427     0  16638495     0  
CD007427     0  16638491     0  
CD007427     0  16638489     0  
CD007427     0  16638488     0  
CD007427     0  16636345     0  
CD007427     0  16633790     0  
CD007427     0  16632711     0  
CD007427     0  16632128     0  
CD007427     0  16628997     0  
CD007427     0  16628056     0  
CD007427     0  16627629     0  
CD007427     0  16623305     0  
CD007427     0  16623304     0  
CD007427     0  16621392     0  
CD007427     0  16619659     0  
CD007427     0  16616215     0  
CD007427     0  16603286     0  
CD007427     0  16601984     0  
CD007427     0  16595470     0  
CD007427     0  16583431     0  
CD007427     0  16579671     0  
CD007427     0  16572024     0  
CD007427     0  16570176     0  
CD007427     0  16567784     0  
CD007427     0  16552608     0  
CD007427     0  16549619     0  
CD007427     0  16543591     0  
CD007427     0  16542602     0  
CD007427     0  16534714     0  
CD007427     0  16534558     0  
CD007427     0  16533405     0  
CD007427     0  16526877     0  
CD007427     0  16518655     0  
CD007427     0  16517370     0  
CD007427     0  16517362     0  
CD007427     0  16517358     0  
CD007427     0  16517356     0  
CD007427     0  16517311     0  
CD007427     0  16517310     0  
CD007427     0  16515904     0  
CD007427     0  16510819     0  
CD007427     0  16510810     0  
CD007427     0  16506872     0  
CD007427     0  16497236     0  
CD007427     0  16493175     1  
CD007427     0  16490749     0  
CD007427     0  16489907     0  
CD007427     0  16488235     0  
CD007427     0  16477333     0  
CD007427     0  16475277     0  
CD007427     0  16474925     0  
CD007427     0  16473085     0  
CD007427     0  16472394     0  
CD007427     0  16464555     0  
CD007427     0  16462449     0  
CD007427     0  16462348     0  
CD007427     0  16458798     0  
CD007427     0  16453345     0  
CD007427     0  16452746     0  
CD007427     0  16452742     0  
CD007427     0  16450185     0  
CD007427     0  16443102     0  
CD007427     0  16442988     0  
CD007427     0  16435349     0  
CD007427     0  16434526     0  
CD007427     0  16423952     0  
CD007427     0  16414478     0  
CD007427     0  16414473     0  
CD007427     0  16414472     0  
CD007427     0  16414471     0  
CD007427     0  16414467     0  
CD007427     0  16414464     0  
CD007427     0  16399471     0  
CD007427     0  16399462     0  
CD007427     0  16399461     0  
CD007427     0  16399460     0  
CD007427     0  16394743     0  
CD007427     0  16391256     0  
CD007427     0  16391220     0  
CD007427     0  16382328     0  
CD007427     0  16377490     0  
CD007427     0  16365372     0  
CD007427     0  16357549     1  
CD007427     0  16357410     0  
CD007427     0  16352733     0  
CD007427     0  16328380     0  
CD007427     0  16315210     0  
CD007427     0  16307290     0  
CD007427     0  16303877     0  
CD007427     0  16260470     0  
CD007427     0  16260468     0  
CD007427     0  16260463     0  
CD007427     0  16252125     0  
CD007427     0  16242971     0  
CD007427     0  16219944     1  
CD007427     0  16219939     1  
CD007427     0  16170042     0  
CD007427     0  16163559     0  
CD007427     0  16151824     0  
CD007427     0  16143872     0  
CD007427     0  16133443     0  
CD007427     0  16091920     0  
CD007427     0  16047149     0  
CD007427     0  15978598     0  
CD007427     0  15877219     0  
CD007427     0  15864548     0  
CD007427     0  16536210     0  
CD007427     0  16459867     0  
CD007427     0  16459855     0  
CD007427     0  16459854     0  
CD007427     0  16450690     0  
CD007427     0  16440960     0  
CD007427     0  16437046     0  
CD007427     0  16422233     0  
CD007427     0  16392611     0  
CD007427     0  16376230     0  
CD007427     0  16376229     0  
CD007427     0  16376228     0  
CD007427     0  16369368     0  
CD007427     0  16363761     0  
CD007427     0  16356983     0  
CD007427     0  16354329     0  
CD007427     0  16342083     0  
CD007427     0  16337532     0  
CD007427     0  16337530     0  
CD007427     0  16337525     0  
CD007427     0  16337524     0  
CD007427     0  16337522     0  
CD007427     0  16337521     0  
CD007427     0  16325080     0  
CD007427     0  16325077     0  
CD007427     0  16322622     0  
CD007427     0  16322616     0  
CD007427     0  16315115     0  
CD007427     0  16303992     0  
CD007427     0  16296651     0  
CD007427     0  16292242     0  
CD007427     0  16288305     0  
CD007427     0  16287018     0  
CD007427     0  16284137     0  
CD007427     0  16282408     1  
CD007427     0  16275573     0  
CD007427     0  16262574     0  
CD007427     0  16253043     0  
CD007427     0  16249601     0  
CD007427     0  16226652     1  
CD007427     0  16226651     0  
CD007427     0  16225693     0  
CD007427     0  16211385     0  
CD007427     0  16210463     1  
CD007427     0  16210159     0  
CD007427     0  16200386     0  
CD007427     0  16195065     0  
CD007427     0  16194749     0  
CD007427     0  16194748     0  
CD007427     0  16194747     0  
CD007427     0  16194746     0  
CD007427     0  16194739     0  
CD007427     0  16194738     0  
CD007427     0  16192321     0  
CD007427     0  16187512     0  
CD007427     0  16187324     0  
CD007427     0  16180006     0  
CD007427     0  16179197     0  
CD007427     0  16178986     0  
CD007427     0  16177410     0  
CD007427     0  16173985     0  
CD007427     0  16172860     0  
CD007427     0  16171647     0  
CD007427     0  16171640     0  
CD007427     0  16171638     0  
CD007427     0  16171636     0  
CD007427     0  16171635     1  
CD007427     0  16171634     0  
CD007427     0  16171633     0  
CD007427     0  16171632     0  
CD007427     0  16157858     0  
CD007427     0  16157853     0  
CD007427     0  16157850     0  
CD007427     0  16156467     0  
CD007427     0  16156339     0  
CD007427     0  16148361     1  
CD007427     0  16148146     0  
CD007427     0  16145533     0  
CD007427     0  16140812     0  
CD007427     0  16140806     0  
CD007427     0  16139179     0  
CD007427     0  16136598     0  
CD007427     0  16133478     0  
CD007427     0  16131896     0  
CD007427     0  16127127     1  
CD007427     0  16121388     0  
CD007427     0  16120937     0  
CD007427     0  16119411     0  
CD007427     0  16119403     0  
CD007427     0  16118295     0  
CD007427     0  16112350     0  
CD007427     0  16098645     0  
CD007427     0  16097550     0  
CD007427     0  16093533     0  
CD007427     0  16093532     0  
CD007427     0  16089092     0  
CD007427     0  16085619     0  
CD007427     0  16085613     0  
CD007427     0  16085607     0  
CD007427     0  16060555     0  
CD007427     0  16055296     0  
CD007427     0  16053452     0  
CD007427     0  16048139     0  
CD007427     0  16047388     0  
CD007427     0  16043922     0  
CD007427     0  16041500     0  
CD007427     0  16038854     0  
CD007427     0  16037507     0  
CD007427     0  16037506     0  
CD007427     0  16035699     0  
CD007427     0  16028034     0  
CD007427     0  16023009     0  
CD007427     0  16022271     0  
CD007427     0  16022221     0  
CD007427     0  16018524     0  
CD007427     0  16018517     0  
CD007427     0  16015239     0  
CD007427     0  16015237     0  
CD007427     0  16015236     0  
CD007427     0  16013343     0  
CD007427     0  16012501     0  
CD007427     0  16006792     0  
CD007427     0  16002494     1  
CD007427     0  16002492     0  
CD007427     0  16002489     0  
CD007427     0  16002486     0  
CD007427     0  16002483     0  
CD007427     0  16000664     1  
CD007427     0  16000663     0  
CD007427     0  16000662     0  
CD007427     0  15999281     0  
CD007427     0  15999280     0  
CD007427     0  15996546     0  
CD007427     0  15995469     0  
CD007427     0  15995114     0  
CD007427     0  15995110     0  
CD007427     0  15987547     0  
CD007427     0  15983127     0  
CD007427     0  15966539     1  
CD007427     0  15944642     0  
CD007427     0  15944641     0  
CD007427     0  15944622     0  
CD007427     0  15944617     0  
CD007427     0  15935534     0  
CD007427     0  15933798     0  
CD007427     0  15930554     0  
CD007427     0  15930541     0  
CD007427     0  15930537     0  
CD007427     0  15930531     0  
CD007427     0  15924511     0  
CD007427     0  15921471     0  
CD007427     0  15911667     0  
CD007427     0  15911666     0  
CD007427     0  15911143     0  
CD007427     0  15908528     0  
CD007427     0  15902524     0  
CD007427     0  15901124     0  
CD007427     0  15894730     0  
CD007427     0  15891739     0  
CD007427     0  15891730     0  
CD007427     0  15891729     0  
CD007427     0  15891728     0  
CD007427     0  15891500     0  
CD007427     0  15890637     0  
CD007427     0  15889041     0  
CD007427     0  15887585     0  
CD007427     0  15872389     0  
CD007427     0  15871742     0  
CD007427     0  15866244     1  
CD007427     0  15864899     0  
CD007427     0  15864042     0  
CD007427     0  15861412     0  
CD007427     0  15859531     0  
CD007427     0  15855096     0  
CD007427     0  15846753     0  
CD007427     0  15840617     0  
CD007427     0  15839308     0  
CD007427     0  15839306     1  
CD007427     0  15834056     0  
CD007427     0  15831310     0  
CD007427     0  15827367     0  
CD007427     0  15827365     0  
CD007427     0  15808040     0  
CD007427     0  15805942     0  
CD007427     0  15805213     0  
CD007427     0  15800529     0  
CD007427     0  15800517     0  
CD007427     0  15789010     0  
CD007427     0  15789005     0  
CD007427     0  15789004     0  
CD007427     0  15789001     0  
CD007427     0  15788594     0  
CD007427     0  15776309     0  
CD007427     0  15773644     0  
CD007427     0  15773565     1  
CD007427     0  15769790     0  
CD007427     0  15756620     0  
CD007427     0  15756189     0  
CD007427     0  15756188     0  
CD007427     0  15748923     0  
CD007427     0  15736287     0  
CD007427     0  15734235     0  
CD007427     0  15734234     0  
CD007427     0  15726327     0  
CD007427     0  15726094     0  
CD007427     0  15726089     0  
CD007427     0  15726088     0  
CD007427     0  15726086     0  
CD007427     0  15726081     0  
CD007427     0  15723212     0  
CD007427     0  15723009     0  
CD007427     0  15722277     0  
CD007427     0  15713296     0  
CD007427     0  15712983     0  
CD007427     0  15703964     0  
CD007427     0  15701612     0  
CD007427     0  15701606     0  
CD007427     0  15689868     0  
CD007427     0  15689867     0  
CD007427     0  15687748     0  
CD007427     0  15687170     0  
CD007427     0  15685073     0  
CD007427     0  15681266     0  
CD007427     0  15680567     0  
CD007427     0  15674840     1  
CD007427     0  15665693     0  
CD007427     0  15658142     0  
CD007427     0  15657070     0  
CD007427     0  15650671     0  
CD007427     0  15650660     0  
CD007427     0  15635053     0  
CD007427     0  15634822     0  
CD007427     0  15621320     0  
CD007427     0  15615971     0  
CD007427     0  15533608     0  
CD007427     0  15378320     0  
CD007427     0  15378264     0  
CD007427     0  15024575     0  
CD007427     0  14727054     0  
