CD008760     0  19809355     0  
CD008760     0  18277884     0  
CD008760     0  21274889     0  
CD008760     0  21624583     0  
CD008760     0  19271599     0  
CD008760     0  17018501     0  
CD008760     0  16944004     0  
CD008760     0  18047544     0  
CD008760     0  18636658     0  
CD008760     0  18790438     0  
CD008760     0  18082473     1  
CD008760     0  18058656     1  
CD008760     0  19337246     1  
CD008760     0  18478132     0  
CD008760     0  16185966     0  
CD008760     0  18227890     0  
CD008760     0  18790434     0  
CD008760     0  22346246     0  
CD008760     0  18028926     0  
CD008760     0  18210340     0  
CD008760     0  18785275     0  
CD008760     0  22379346     0  
CD008760     0  18706733     0  
CD008760     0  17912188     0  
CD008760     0  16053016     0  
CD008760     0  20490679     1  
CD008760     0  20135731     0  
CD008760     0  23593613     0  
CD008760     0  21372764     0  
CD008760     0  18360329     0  
CD008760     0  16894311     0  
CD008760     0  19661814     0  
CD008760     0  19191853     0  
CD008760     0  19568182     0  
CD008760     0  17827950     0  
CD008760     0  19646642     0  
CD008760     0  22155754     1  
CD008760     0  16644462     0  
CD008760     0  18294933     0  
CD008760     0  20363433     1  
CD008760     0  16429352     1  
CD008760     0  16435503     0  
CD008760     0  20684186     0  
CD008760     0  18680226     1  
CD008760     0  15842580     1  
CD008760     0  12510456     0  
CD008760     0  16429353     1  
CD008760     0  23029720     0  
CD008760     0  18477965     0  
CD008760     0  17611174     0  
CD008760     0  19679416     0  
CD008760     0  17545780     0  
CD008760     0  20682230     0  
CD008760     0  19743993     0  
CD008760     0  14618949     0  
CD008760     0  17415347     0  
CD008760     0  21429016     0  
CD008760     0  18435461     1  
CD008760     0  20054320     0  
CD008760     0  19673028     0  
CD008760     0  17905009     0  
CD008760     0  19396956     0  
CD008760     0  19291827     0  
CD008760     0  21814064     1  
