CD008081     0  16186372     0  
CD008081     0  17046701     0  
CD008081     0  785652       0  
CD008081     0  21212849     0  
CD008081     0  12504691     0  
CD008081     0  20542983     0  
CD008081     0  16458701     0  
CD008081     0  12566020     0  
CD008081     0  17459030     0  
CD008081     0  19183764     0  
CD008081     0  19837384     0  
CD008081     0  19568362     0  
CD008081     0  19327746     0  
CD008081     0  18209914     0  
CD008081     0  16021181     0  
CD008081     0  14514597     0  
CD008081     0  18437033     0  
CD008081     0  20510687     0  
CD008081     0  21293160     0  
CD008081     0  21323303     0  
CD008081     0  19725815     0  
CD008081     0  23298885     0  
CD008081     0  17682607     0  
CD008081     0  15736312     0  
CD008081     0  12566041     0  
CD008081     0  17621188     0  
CD008081     0  19357559     0  
CD008081     0  16828501     0  
CD008081     0  20722590     0  
CD008081     0  21996307     1  
CD008081     0  15860283     0  
CD008081     0  15715560     0  
CD008081     0  17876597     0  
CD008081     0  11133709     0  
CD008081     0  23713187     0  
CD008081     0  23520977     0  
CD008081     0  21813090     0  
CD008081     0  21886189     0  
CD008081     0  11755866     0  
CD008081     0  17869207     0  
CD008081     0  22441027     0  
CD008081     0  18553061     0  
CD008081     0  17979601     0  
CD008081     0  16386973     0  
CD008081     0  16925720     0  
CD008081     0  18988167     0  
CD008081     0  18988166     0  
CD008081     0  21655039     0  
CD008081     0  18556425     0  
CD008081     0  20045563     0  
CD008081     0  15317702     0  
CD008081     0  11483079     0  
CD008081     0  19337474     0  
CD008081     0  15834607     0  
CD008081     0  16572358     0  
CD008081     0  10682989     0  
CD008081     0  22491395     0  
CD008081     0  18054137     0  
CD008081     0  22301066     0  
CD008081     0  18499007     0  
CD008081     0  20888483     0  
CD008081     0  22057789     0  
CD008081     0  15658006     0  
CD008081     0  19486803     0  
CD008081     0  18425064     0  
CD008081     0  20827919     0  
CD008081     0  18656589     0  
CD008081     0  18708258     0  
CD008081     0  19294405     0  
CD008081     0  23207021     0  
CD008081     0  9479300      1  
CD008081     0  19176116     0  
CD008081     0  21836404     0  
CD008081     0  18617754     0  
CD008081     0  19287286     0  
CD008081     0  23060723     0  
CD008081     0  11004110     0  
CD008081     0  14597033     0  
CD008081     0  18641828     0  
CD008081     0  23696607     0  
CD008081     0  15019364     0  
CD008081     0  21314440     0  
CD008081     0  21121130     0  
CD008081     0  19344827     0  
CD008081     0  18644073     0  
CD008081     0  23676224     0  
CD008081     0  20189159     0  
CD008081     0  16935584     0  
CD008081     0  16118745     0  
CD008081     0  20453545     0  
CD008081     0  17962446     0  
CD008081     0  19174400     0  
CD008081     0  15696765     0  
CD008081     0  16898399     0  
CD008081     0  16965492     0  
CD008081     0  20594160     0  
CD008081     0  20944945     0  
CD008081     0  23242589     0  
CD008081     0  9625561      0  
CD008081     0  15860284     0  
CD008081     0  17420366     0  
CD008081     0  23768471     0  
CD008081     0  17502499     1  
CD008081     0  15307987     0  
CD008081     0  21979875     0  
CD008081     0  9805683      0  
CD008081     0  16707525     0  
CD008081     0  16395132     0  
CD008081     0  16395133     0  
CD008081     0  15715582     0  
CD008081     0  18097178     0  
CD008081     0  19253176     0  
CD008081     0  17011952     0  
CD008081     0  17725277     0  
CD008081     0  19491719     0  
CD008081     0  21896859     0  
CD008081     0  21823986     0  
CD008081     0  19927486     0  
CD008081     0  19264219     0  
CD008081     0  16021497     0  
CD008081     0  20561684     0  
CD008081     0  21862642     0  
CD008081     0  16205562     0  
CD008081     0  21607565     0  
CD008081     0  20827486     0  
CD008081     0  16604810     0  
CD008081     0  16798476     0  
CD008081     0  16238040     0  
CD008081     0  17962820     0  
CD008081     0  16205568     0  
CD008081     0  22714043     0  
CD008081     0  21764030     0  
CD008081     0  21389739     0  
CD008081     0  22287165     0  
CD008081     0  20099242     0  
CD008081     0  16682586     0  
CD008081     0  18437176     0  
CD008081     0  12815194     0  
CD008081     0  16877077     0  
CD008081     0  22555828     0  
CD008081     0  17460426     0  
CD008081     0  14669032     0  
CD008081     0  23303431     0  
CD008081     0  19174719     0  
CD008081     0  21997197     0  
CD008081     0  12570009     0  
CD008081     0  22466485     0  
CD008081     0  18028237     0  
CD008081     0  23329668     0  
CD008081     0  16219723     0  
CD008081     0  22481473     0  
CD008081     0  18243920     0  
CD008081     0  19875091     0  
CD008081     0  21837585     0  
CD008081     0  17965109     0  
CD008081     0  17467527     0  
CD008081     0  14962423     0  
CD008081     0  16496256     0  
CD008081     0  11915692     0  
CD008081     0  22952126     0  
CD008081     0  12963628     0  
CD008081     0  19060271     0  
CD008081     0  7639652      0  
CD008081     0  19266465     0  
CD008081     0  15615752     0  
CD008081     0  16365798     0  
CD008081     0  19882573     0  
CD008081     0  16538448     0  
CD008081     0  22882318     0  
CD008081     0  16188001     0  
CD008081     0  15465568     0  
CD008081     0  15465566     0  
CD008081     0  12181877     0  
CD008081     0  19934823     0  
CD008081     0  18952928     0  
CD008081     0  21954975     0  
CD008081     0  18316700     1  
CD008081     0  19697841     0  
CD008081     0  18952923     0  
CD008081     0  16779572     0  
CD008081     0  15452046     0  
CD008081     0  17660988     0  
CD008081     0  22491923     0  
CD008081     0  21212801     0  
CD008081     0  19284099     0  
CD008081     0  14733132     0  
CD008081     0  14733133     0  
CD008081     0  17063373     1  
CD008081     0  21451442     0  
CD008081     0  11521426     0  
CD008081     0  19590521     0  
CD008081     0  10955657     0  
CD008081     0  10783942     0  
CD008081     0  18408490     0  
CD008081     0  2748100      0  
CD008081     0  16167293     0  
CD008081     0  20363505     0  
CD008081     0  21886018     0  
CD008081     0  21914262     0  
CD008081     0  15592868     0  
CD008081     0  21886017     0  
CD008081     0  20712253     0  
CD008081     0  21596303     0  
CD008081     0  19320299     0  
CD008081     0  18929352     0  
CD008081     0  23470789     0  
CD008081     0  19039480     0  
CD008081     0  20202684     0  
CD008081     0  20079541     0  
CD008081     0  19820779     0  
CD008081     0  17290200     0  
CD008081     0  17936715     0  
CD008081     0  17897553     0  
CD008081     0  23132803     0  
CD008081     0  20703051     0  
CD008081     0  20216291     0  
CD008081     0  21099452     0  
CD008081     0  23283186     0  
CD008081     0  6676979      0  
CD008081     0  16650680     0  
CD008081     0  16932949     0  
CD008081     0  15459787     0  
CD008081     0  16865374     0  
CD008081     0  20585799     0  
CD008081     0  20393742     0  
CD008081     0  23264331     0  
CD008081     0  22481482     0  
CD008081     0  20451897     1  
CD008081     0  11980878     0  
CD008081     0  21348228     0  
CD008081     0  17224958     0  
CD008081     0  19696699     0  
CD008081     0  19898182     0  
CD008081     0  19898181     0  
CD008081     0  22352446     0  
CD008081     0  20825070     0  
CD008081     0  17408388     0  
CD008081     0  10758221     0  
CD008081     0  11272778     0  
CD008081     0  20706173     0  
CD008081     0  19373126     0  
CD008081     0  19540985     0  
CD008081     0  17472415     0  
CD008081     0  23172879     0  
CD008081     0  17878820     0  
CD008081     0  20577866     0  
CD008081     0  19373128     0  
CD008081     0  21591862     0  
CD008081     0  21696702     0  
CD008081     0  20976212     0  
CD008081     0  12910195     0  
CD008081     0  9312314      0  
CD008081     0  15840361     0  
CD008081     0  16973659     0  
CD008081     0  19534857     0  
CD008081     0  20453801     0  
CD008081     0  20484587     1  
CD008081     0  22134597     0  
CD008081     0  21940051     0  
CD008081     0  16118744     0  
CD008081     0  16299134     0  
CD008081     0  17698196     0  
CD008081     0  20346827     0  
CD008081     0  22330965     0  
CD008081     0  22330964     0  
CD008081     0  9091712      0  
CD008081     0  17300566     0  
CD008081     0  19220206     0  
CD008081     0  21822008     0  
CD008081     0  20038863     0  
CD008081     0  19430731     0  
CD008081     0  11723088     0  
CD008081     0  11401636     1  
CD008081     0  16751756     0  
CD008081     0  16565766     0  
CD008081     0  10896334     0  
CD008081     0  17142144     0  
CD008081     0  1703024      0  
CD008081     0  21546089     0  
CD008081     0  16927225     0  
CD008081     0  16205561     0  
CD008081     0  12430038     0  
CD008081     0  18517006     0  
CD008081     0  20683379     0  
CD008081     0  12859696     0  
CD008081     0  14985312     0  
CD008081     0  16240464     0  
CD008081     0  19965832     0  
CD008081     0  16387030     0  
CD008081     0  11372551     0  
CD008081     0  18053911     0  
CD008081     0  23373405     0  
CD008081     0  22642142     0  
CD008081     0  18566462     0  
CD008081     0  16564845     0  
CD008081     0  22699976     0  
CD008081     0  20855054     0  
CD008081     0  7580708      0  
CD008081     0  18507730     0  
CD008081     0  22856228     0  
CD008081     0  22344185     0  
CD008081     0  15802932     1  
CD008081     0  17593013     0  
CD008081     0  22149905     0  
CD008081     0  17591904     0  
CD008081     0  17697178     0  
CD008081     0  16453184     0  
CD008081     0  18664938     0  
CD008081     0  20547944     0  
CD008081     0  21992557     0  
CD008081     0  22472149     0  
CD008081     0  22870034     0  
CD008081     0  21983248     0  
CD008081     0  22220397     0  
CD008081     0  23481453     0  
CD008081     0  15317711     0  
CD008081     0  21362332     0  
CD008081     0  21866075     0  
CD008081     0  20182403     0  
CD008081     0  19410950     0  
CD008081     0  20970010     0  
CD008081     0  20221984     0  
CD008081     0  17525219     0  
CD008081     0  17218911     0  
CD008081     0  17218910     0  
CD008081     0  19680274     0  
CD008081     0  19395034     0  
CD008081     0  23218689     0  
CD008081     0  12507629     0  
CD008081     0  17980746     0  
CD008081     0  14566626     0  
CD008081     0  22423055     0  
CD008081     0  15658007     0  
CD008081     0  21708377     0  
CD008081     0  19952996     0  
CD008081     0  18320528     0  
CD008081     0  21573106     0  
CD008081     0  23299482     0  
CD008081     0  17558316     0  
CD008081     0  19619896     0  
CD008081     0  23222389     0  
CD008081     0  22869022     0  
CD008081     0  15628644     0  
CD008081     0  21555906     0  
CD008081     0  20299105     0  
CD008081     0  22539259     0  
CD008081     0  21167436     0  
CD008081     0  15980216     0  
CD008081     0  19054831     0  
CD008081     0  15522370     0  
CD008081     0  18791547     0  
CD008081     0  14746571     0  
CD008081     0  21376246     0  
CD008081     0  17353052     0  
CD008081     0  2064492      0  
CD008081     0  21292109     0  
CD008081     0  22532038     0  
CD008081     0  21971077     0  
CD008081     0  21597307     0  
CD008081     0  21232801     0  
CD008081     0  19928719     0  
CD008081     0  16088239     0  
CD008081     0  18330892     0  
CD008081     0  17960440     0  
CD008081     0  22255738     0  
CD008081     0  21567211     0  
CD008081     0  15953575     0  
CD008081     0  15992752     0  
CD008081     0  19924672     0  
CD008081     0  15944836     0  
CD008081     0  20616685     0  
CD008081     0  20616686     0  
CD008081     0  21394067     0  
CD008081     0  20579474     0  
CD008081     0  20556548     0  
CD008081     0  14986010     0  
CD008081     0  23609064     0  
CD008081     0  19763022     0  
CD008081     0  19254904     0  
CD008081     0  19637506     0  
CD008081     0  21293315     0  
CD008081     0  9627656      0  
CD008081     0  18425522     0  
CD008081     0  17592240     0  
CD008081     0  23374377     0  
CD008081     0  18491126     0  
CD008081     0  23793175     0  
CD008081     0  19264220     0  
CD008081     0  19264221     0  
CD008081     0  20875634     0  
CD008081     0  19678810     0  
CD008081     0  21487341     0  
CD008081     0  2476030      0  
CD008081     0  23492944     0  
CD008081     0  23121699     0  
CD008081     0  19582472     0  
CD008081     0  20523361     0  
CD008081     0  15343118     0  
CD008081     0  21631366     0  
CD008081     0  15627822     0  
CD008081     0  17275910     0  
CD008081     0  20838357     0  
CD008081     0  21459215     0  
CD008081     0  19996821     1  
CD008081     0  19996827     0  
CD008081     0  17601434     0  
CD008081     0  20015098     0  
CD008081     0  22727177     0  
CD008081     0  17601433     0  
CD008081     0  21060272     0  
CD008081     0  20521508     0  
CD008081     0  23074206     0  
CD008081     0  17108013     0  
CD008081     0  18243918     0  
CD008081     0  20720226     0  
CD008081     0  23498853     0  
CD008081     0  18441298     0  
CD008081     0  22489939     0  
CD008081     0  19403519     0  
CD008081     0  18425062     0  
CD008081     0  20528977     0  
CD008081     0  17270681     0  
CD008081     0  23660322     0  
CD008081     0  22952119     1  
CD008081     0  22999634     0  
CD008081     0  21921588     0  
CD008081     0  10896351     1  
CD008081     0  21102372     0  
CD008081     0  18925914     0  
CD008081     0  23478291     0  
CD008081     0  23453693     0  
CD008081     0  17159029     0  
CD008081     0  19027427     0  
CD008081     0  16154196     0  
CD008081     0  19639332     0  
CD008081     0  23391744     0  
CD008081     0  15465570     0  
CD008081     0  15051203     1  
CD008081     0  18929354     0  
CD008081     0  20431612     0  
CD008081     0  12967819     0  
CD008081     0  22495327     0  
CD008081     0  17380066     0  
CD008081     0  19940530     0  
CD008081     0  18005220     0  
CD008081     0  12476103     1  
CD008081     0  22169610     0  
CD008081     0  22965591     0  
CD008081     0  18097816     0  
CD008081     0  15670803     0  
CD008081     0  10847493     0  
CD008081     0  22344010     0  
CD008081     0  20507016     0  
CD008081     0  18547274     0  
CD008081     0  21317833     0  
CD008081     0  21117576     0  
CD008081     0  16534053     0  
CD008081     0  20926135     0  
CD008081     0  20723993     0  
CD008081     0  18515592     0  
CD008081     0  18797143     0  
CD008081     0  20852916     0  
CD008081     0  16758760     0  
CD008081     0  16226541     0  
CD008081     0  10929973     0  
CD008081     0  21970365     0  
CD008081     0  16796186     0  
CD008081     0  21472465     0  
CD008081     0  17287669     0  
CD008081     0  20057344     0  
CD008081     0  20453539     0  
CD008081     0  21963486     0  
CD008081     0  15317721     0  
CD008081     0  15881258     0  
CD008081     0  19744723     0  
CD008081     0  21283055     0  
CD008081     0  22165097     0  
CD008081     0  21880238     0  
CD008081     0  15290890     0  
CD008081     0  21860569     0  
CD008081     0  22627119     0  
CD008081     0  399491       0  
CD008081     0  17997393     0  
CD008081     0  21774386     0  
CD008081     0  22074677     0  
CD008081     0  17417620     0  
CD008081     0  17083552     0  
CD008081     0  23372430     0  
CD008081     0  23614970     0  
CD008081     0  21774389     0  
CD008081     0  19232012     0  
CD008081     0  17385118     0  
CD008081     0  20160463     0  
CD008081     0  16019075     0  
CD008081     0  8601122      0  
CD008081     0  2740076      0  
CD008081     0  21730849     0  
CD008081     0  15963467     0  
CD008081     0  15359258     0  
CD008081     0  17206015     0  
CD008081     0  11475391     0  
CD008081     0  20224402     0  
CD008081     0  11162979     0  
CD008081     0  21760625     0  
CD008081     0  15767077     0  
CD008081     0  17802975     0  
CD008081     0  19455970     0  
CD008081     0  19430805     0  
CD008081     0  20393116     0  
CD008081     0  17139528     0  
CD008081     0  22499985     0  
CD008081     0  19699533     0  
CD008081     0  17951903     0  
CD008081     0  18327132     0  
CD008081     0  18533125     0  
CD008081     0  15931541     0  
CD008081     0  15805924     0  
CD008081     0  23337517     0  
CD008081     0  22872201     1  
CD008081     0  21819507     0  
CD008081     0  1595515      0  
CD008081     0  15325193     0  
CD008081     0  21090999     0  
CD008081     0  21765371     0  
CD008081     0  22872198     0  
CD008081     0  11124292     0  
CD008081     0  11124291     0  
CD008081     0  19101420     0  
CD008081     0  18050810     0  
CD008081     0  16023067     0  
CD008081     0  16564847     0  
CD008081     0  20855114     0  
CD008081     0  18471640     0  
CD008081     0  18185166     0  
CD008081     0  16324700     0  
CD008081     0  16310507     0  
CD008081     0  15999709     0  
CD008081     0  17004629     0  
CD008081     0  15976713     0  
CD008081     0  22827402     0  
CD008081     0  20970013     0  
CD008081     0  19794940     0  
CD008081     0  17554483     0  
CD008081     0  18420749     0  
CD008081     0  23111607     0  
CD008081     0  22004576     0  
CD008081     0  17151486     0  
CD008081     0  21121809     0  
CD008081     0  21887610     0  
CD008081     0  15992756     0  
CD008081     0  18854783     0  
CD008081     0  16647123     1  
CD008081     0  23767192     0  
CD008081     0  17651471     0  
CD008081     0  20837798     0  
CD008081     0  18662829     0  
CD008081     0  18951425     0  
CD008081     0  16769613     0  
CD008081     0  19700194     0  
CD008081     0  22331146     0  
CD008081     0  17608830     0  
CD008081     0  19093330     0  
CD008081     0  22890369     0  
CD008081     0  18773263     0  
CD008081     0  23249122     0  
CD008081     0  8738460      0  
CD008081     0  12022281     0  
CD008081     0  22354371     0  
CD008081     0  20658139     0  
CD008081     0  14744905     0  
CD008081     0  23544200     0  
CD008081     0  15932526     0  
CD008081     0  20584710     0  
CD008081     0  17123615     0  
CD008081     0  18328456     0  
CD008081     0  18235015     0  
CD008081     0  9828771      0  
CD008081     0  17591672     0  
CD008081     0  20706964     0  
CD008081     0  17273904     0  
CD008081     0  20703037     0  
CD008081     0  21345996     0  
CD008081     0  23611988     0  
CD008081     0  22300292     0  
CD008081     0  17245077     0  
CD008081     0  22617833     0  
CD008081     0  22822903     0  
CD008081     0  17180527     0  
CD008081     0  19204228     0  
CD008081     0  14744906     0  
CD008081     0  19432873     0  
CD008081     0  16244647     0  
CD008081     0  17653725     0  
CD008081     0  11053311     0  
CD008081     0  19809923     0  
CD008081     0  22644004     0  
CD008081     0  17720079     0  
CD008081     0  17017196     0  
CD008081     0  23363297     0  
CD008081     0  21538005     0  
CD008081     0  15557466     0  
CD008081     0  20122739     0  
CD008081     0  21780926     0  
CD008081     0  22183994     0  
CD008081     0  22938703     0  
CD008081     0  17229183     0  
CD008081     0  16281735     0  
CD008081     0  15689801     0  
CD008081     0  19117937     0  
CD008081     0  19205502     0  
CD008081     0  23218691     0  
CD008081     0  21612513     0  
CD008081     0  19478545     0  
CD008081     0  18001248     0  
CD008081     0  19952983     0  
CD008081     0  17244205     0  
CD008081     0  23222391     0  
CD008081     0  17244207     0  
CD008081     0  15596583     0  
CD008081     0  19772271     0  
CD008081     0  19444293     0  
CD008081     0  23394906     0  
CD008081     0  18398365     0  
CD008081     0  22486651     0  
CD008081     0  22589436     0  
CD008081     0  23548318     0  
CD008081     0  17589809     0  
CD008081     0  15361942     0  
CD008081     0  11220267     0  
CD008081     0  20415296     0  
CD008081     0  23222461     0  
CD008081     0  23222460     0  
CD008081     0  15389275     0  
CD008081     0  20408067     0  
CD008081     0  22385758     0  
CD008081     0  20530184     1  
CD008081     0  17417154     0  
CD008081     0  17660989     0  
CD008081     0  17724176     0  
CD008081     0  22042822     0  
CD008081     0  22879414     0  
CD008081     0  15793254     0  
CD008081     0  18165084     0  
CD008081     0  20195039     0  
CD008081     0  20380286     0  
CD008081     0  23719310     0  
CD008081     0  22059904     0  
CD008081     0  20616679     0  
CD008081     0  20393723     0  
CD008081     0  1757035      0  
CD008081     0  19757353     0  
CD008081     0  18260017     0  
CD008081     0  20042642     0  
CD008081     0  18756796     0  
CD008081     0  19184082     0  
CD008081     0  15351898     0  
CD008081     0  22550713     0  
CD008081     0  23528703     0  
CD008081     0  19094166     0  
CD008081     0  19094167     0  
CD008081     0  20703041     0  
CD008081     0  21893972     0  
CD008081     0  15962667     0  
CD008081     0  17093998     0  
CD008081     0  22836760     0  
CD008081     0  22428627     0  
CD008081     0  20537310     0  
CD008081     0  20168270     0  
CD008081     0  15006844     1  
CD008081     0  20168272     0  
CD008081     0  16303968     0  
CD008081     0  17453151     0  
CD008081     0  21243370     0  
CD008081     0  18366650     0  
CD008081     0  22452685     0  
CD008081     0  17011854     0  
CD008081     0  21145531     0  
CD008081     0  16496258     0  
CD008081     0  20128565     0  
CD008081     0  20128566     0  
CD008081     0  21997827     0  
CD008081     0  15575825     0  
CD008081     0  19376589     0  
CD008081     0  17302204     0  
CD008081     0  19376585     0  
CD008081     0  11162978     0  
CD008081     0  16799051     1  
CD008081     0  22340561     0  
CD008081     0  15860282     0  
CD008081     0  23440840     0  
CD008081     0  15126175     0  
CD008081     0  18682969     0  
CD008081     0  18185135     0  
CD008081     0  16897220     0  
CD008081     0  19273785     0  
CD008081     0  15687920     0  
CD008081     0  19878106     0  
CD008081     0  21270915     0  
CD008081     0  12453981     0  
CD008081     0  21102366     0  
CD008081     0  11773037     1  
CD008081     0  10896343     0  
CD008081     0  11309739     0  
CD008081     0  22973980     0  
CD008081     0  8643241      0  
CD008081     0  10896349     0  
CD008081     0  10896348     0  
CD008081     0  15944830     0  
CD008081     0  18662912     0  
CD008081     0  19568355     0  
CD008081     0  22374157     0  
CD008081     0  16021193     0  
CD008081     0  21293498     0  
CD008081     0  22310491     0  
CD008081     0  20578202     0  
CD008081     0  20300127     0  
CD008081     0  15657774     0  
CD008081     0  21861971     0  
CD008081     0  19629019     0  
CD008081     0  20531142     0  
CD008081     0  19516126     0  
CD008081     0  20142560     0  
CD008081     0  21508108     0  
CD008081     0  15019365     0  
CD008081     0  22165865     0  
CD008081     0  22785535     0  
CD008081     0  22776935     0  
CD008081     0  17119727     0  
CD008081     0  21792089     0  
CD008081     0  9044202      0  
CD008081     0  18067962     0  
CD008081     0  11318279     0  
CD008081     0  23584650     0  
CD008081     0  15715559     0  
CD008081     0  19578027     0  
CD008081     0  19702711     0  
CD008081     0  22731242     0  
CD008081     0  15305550     0  
CD008081     0  23713193     0  
CD008081     0  22020171     0  
CD008081     0  20703045     0  
CD008081     0  18195217     0  
CD008081     0  18784623     0  
CD008081     0  18827730     0  
CD008081     0  20597042     0  
CD008081     0  20538987     0  
CD008081     0  20703048     0  
CD008081     0  20703049     0  
CD008081     0  21909051     0  
CD008081     0  14644723     0  
CD008081     0  18406632     0  
CD008081     0  15184968     0  
CD008081     0  15767052     0  
CD008081     0  23510043     0  
CD008081     0  18997608     0  
CD008081     0  15578081     0  
CD008081     0  23686001     0  
CD008081     0  22912430     0  
CD008081     0  14750570     0  
CD008081     0  7662623      0  
CD008081     0  17678704     0  
CD008081     0  17622548     0  
CD008081     0  19715153     0  
CD008081     0  11021132     0  
CD008081     0  17017466     0  
CD008081     0  15234306     0  
CD008081     0  18050131     0  
CD008081     0  21071757     0  
CD008081     0  20508046     0  
CD008081     0  23685493     0  
CD008081     0  18329622     0  
CD008081     0  12504718     0  
CD008081     0  16226521     0  
CD008081     0  17188065     0  
CD008081     0  9802759      0  
CD008081     0  16765799     0  
CD008081     0  16879566     0  
CD008081     0  11251686     0  
CD008081     0  18609483     0  
CD008081     0  18437175     0  
CD008081     0  16009835     0  
CD008081     0  19167078     0  
CD008081     0  18609482     0  
CD008081     0  21896838     0  
CD008081     0  14507894     0  
CD008081     0  11986098     0  
CD008081     0  17544778     0  
CD008081     0  19650710     0  
CD008081     0  22323463     1  
CD008081     0  15146607     0  
CD008081     0  19547995     0  
CD008081     0  16996596     0  
CD008081     0  20656355     0  
CD008081     0  17070586     0  
CD008081     0  18157302     0  
CD008081     0  15506606     0  
CD008081     0  21232079     0  
CD008081     0  20839667     0  
CD008081     0  23204247     0  
CD008081     0  10764858     0  
CD008081     0  2589054      0  
CD008081     0  20944936     0  
CD008081     0  20689191     0  
CD008081     0  20689190     0  
CD008081     0  22112018     0  
CD008081     0  19639264     0  
CD008081     0  22642147     0  
CD008081     0  18599019     0  
CD008081     0  23229224     0  
CD008081     0  18054885     0  
CD008081     0  22740015     0  
CD008081     0  19535358     0  
CD008081     0  18779710     0  
CD008081     0  1480872      0  
CD008081     0  18779716     0  
CD008081     0  23571234     0  
CD008081     0  23023529     0  
CD008081     0  18437178     0  
CD008081     0  23111610     0  
CD008081     0  15384839     0  
CD008081     0  21459214     0  
CD008081     0  23499060     0  
CD008081     0  21459216     0  
CD008081     0  22268957     0  
CD008081     0  22495998     0  
CD008081     0  20936526     0  
CD008081     0  22115710     0  
CD008081     0  21853229     0  
CD008081     0  21218391     0  
CD008081     0  19410954     0  
CD008081     0  15258025     0  
CD008081     0  19384761     0  
CD008081     0  20128571     0  
CD008081     0  4041157      0  
CD008081     0  1951588      0  
CD008081     0  20526763     0  
CD008081     0  15586288     0  
CD008081     0  17445900     0  
CD008081     0  12585705     0  
CD008081     0  17331581     0  
CD008081     0  10847494     0  
CD008081     0  15488781     0  
CD008081     0  19916149     0  
CD008081     0  17398322     0  
CD008081     0  15808274     0  
CD008081     0  22466472     0  
CD008081     0  17562985     0  
CD008081     0  12642310     0  
CD008081     0  19485306     0  
CD008081     0  19875087     0  
CD008081     0  20658146     0  
CD008081     0  10756859     0  
CD008081     0  18973950     0  
CD008081     0  23571245     0  
CD008081     0  18774122     0  
CD008081     0  12510717     1  
CD008081     0  16601980     0  
CD008081     0  20003824     0  
CD008081     0  22863290     0  
CD008081     0  21124251     0  
CD008081     0  2624726      0  
CD008081     0  23543856     0  
CD008081     0  20454812     0  
CD008081     0  10896350     0  
CD008081     0  16978576     0  
CD008081     0  19701812     0  
CD008081     0  18628722     0  
CD008081     0  21790110     0  
CD008081     0  21191718     0  
CD008081     0  17720068     0  
CD008081     0  17823640     0  
CD008081     0  17937924     0  
CD008081     0  20522019     0  
CD008081     0  21166040     0  
CD008081     0  12918269     0  
CD008081     0  18046223     0  
CD008081     0  19899970     0  
CD008081     0  17459479     0  
CD008081     0  16329060     0  
CD008081     0  22746671     0  
CD008081     0  2748099      0  
CD008081     0  11300646     0  
CD008081     0  15965168     0  
CD008081     0  22169365     0  
CD008081     0  20853269     0  
CD008081     0  15933592     0  
CD008081     0  16603977     0  
CD008081     0  20180131     0  
CD008081     0  19430285     0  
CD008081     0  17574065     0  
CD008081     0  19772269     0  
CD008081     0  21735421     0  
CD008081     0  19019945     0  
CD008081     0  17804919     0  
CD008081     0  20465107     0  
CD008081     0  22159173     0  
CD008081     0  20309573     0  
CD008081     0  21874345     0  
CD008081     0  16935337     0  
CD008081     0  17466377     0  
CD008081     0  22402896     0  
CD008081     0  18675696     0  
CD008081     0  20494761     0  
CD008081     0  16889833     0  
CD008081     0  16361663     0  
CD008081     0  11530050     0  
CD008081     0  21494279     0  
CD008081     0  17290194     0  
CD008081     0  23404115     0  
CD008081     0  18552390     0  
CD008081     0  18040238     0  
CD008081     0  23084436     0  
CD008081     0  18336789     0  
CD008081     0  21507488     0  
CD008081     0  23264323     0  
CD008081     0  15309024     0  
CD008081     0  17803438     0  
CD008081     0  18728621     0  
CD008081     0  22559933     0  
CD008081     0  18465737     0  
CD008081     0  22232366     0  
CD008081     0  21730347     0  
CD008081     0  22774596     0  
CD008081     0  17979036     0  
CD008081     0  18756795     0  
CD008081     0  20924264     0  
CD008081     0  19199894     0  
CD008081     0  19199896     0  
CD008081     0  20466427     0  
CD008081     0  22569393     0  
CD008081     0  18698297     0  
CD008081     0  17891015     0  
CD008081     0  15883846     0  
CD008081     0  22137207     1  
CD008081     0  19009748     0  
CD008081     0  15334015     0  
CD008081     0  21142537     0  
CD008081     0  21075650     0  
CD008081     0  10372879     1  
CD008081     0  20168267     0  
CD008081     0  19729104     0  
CD008081     0  21647567     0  
CD008081     0  15290152     0  
CD008081     0  20445985     0  
CD008081     0  18976317     0  
CD008081     0  15309977     0  
CD008081     0  22189259     0  
CD008081     0  21283169     0  
CD008081     0  20809906     0  
CD008081     0  16952097     0  
CD008081     0  21976935     0  
CD008081     0  17298591     0  
CD008081     0  19064859     0  
CD008081     0  10847492     0  
CD008081     0  15957610     0  
CD008081     0  15022431     0  
CD008081     0  22132722     0  
CD008081     0  16395139     1  
CD008081     0  17229807     0  
CD008081     0  22342012     0  
CD008081     0  22342014     0  
CD008081     0  20102350     0  
CD008081     0  18515567     0  
CD008081     0  19118697     1  
CD008081     0  22048245     0  
CD008081     0  19545901     0  
CD008081     0  19545900     0  
CD008081     0  19189118     0  
CD008081     0  16406542     0  
CD008081     0  10450371     0  
