CD009185     0  20467378     0  
CD009185     0  3028284      0  
CD009185     0  9655361      0  
CD009185     0  3062784      0  
CD009185     0  3062783      0  
CD009185     0  18696120     0  
CD009185     0  15807734     0  
CD009185     0  4546909      0  
CD009185     0  19692090     0  
CD009185     0  3227551      0  
CD009185     0  6395507      0  
CD009185     0  11053939     0  
CD009185     0  14519305     0  
CD009185     0  5437089      0  
CD009185     0  14870890     0  
CD009185     0  12913703     0  
CD009185     0  10544733     0  
CD009185     0  9102939      0  
CD009185     0  19380548     0  
CD009185     0  22227782     0  
CD009185     0  1433600      0  
CD009185     0  19334388     0  
CD009185     0  21520006     0  
CD009185     0  11317023     0  
CD009185     0  2336754      0  
CD009185     0  15643259     0  
CD009185     0  19649660     0  
CD009185     0  5492584      0  
CD009185     0  2966000      0  
CD009185     0  17371343     0  
CD009185     0  17700160     0  
CD009185     0  4782462      0  
CD009185     0  18470721     0  
CD009185     0  11578537     1  
CD009185     0  1576769      0  
CD009185     0  21605171     0  
CD009185     0  19907934     0  
CD009185     0  11298062     0  
CD009185     0  6372686      0  
CD009185     0  3386977      0  
CD009185     0  3038465      0  
CD009185     0  2713290      0  
CD009185     0  2868520      1  
CD009185     0  11844880     0  
CD009185     0  17991370     0  
CD009185     0  1507494      0  
CD009185     0  484060       0  
CD009185     0  9181655      0  
CD009185     0  16791804     0  
CD009185     0  3725620      1  
CD009185     0  10025695     0  
CD009185     0  8397439      0  
CD009185     0  3544745      0  
CD009185     0  6624432      0  
CD009185     0  12107804     1  
CD009185     0  12380905     0  
CD009185     0  6953917      0  
CD009185     0  972423       0  
CD009185     0  4685601      0  
CD009185     0  22057070     0  
CD009185     0  3924153      0  
CD009185     0  19409661     0  
CD009185     0  9028852      0  
CD009185     0  23282612     0  
CD009185     0  22040289     0  
CD009185     0  12897660     0  
CD009185     0  12820951     0  
CD009185     0  18972261     0  
CD009185     0  7921944      0  
CD009185     0  16308218     0  
CD009185     0  20654031     0  
CD009185     0  19430076     0  
CD009185     0  22355281     0  
CD009185     0  12721819     0  
CD009185     0  3012742      0  
CD009185     0  12172762     0  
CD009185     0  12172760     0  
CD009185     0  9761359      0  
CD009185     0  1128522      0  
CD009185     0  223709       0  
CD009185     0  1886700      0  
CD009185     0  15575217     0  
CD009185     0  6989964      0  
CD009185     0  5982657      0  
CD009185     0  16492433     0  
CD009185     0  10103321     0  
CD009185     0  1311185      0  
CD009185     0  21786232     0  
CD009185     0  15705091     0  
CD009185     0  883127       0  
CD009185     0  9542222      0  
CD009185     0  22123565     0  
CD009185     0  1892804      0  
CD009185     0  14077924     0  
CD009185     0  14975495     0  
CD009185     0  13944851     0  
CD009185     0  21247606     1  
CD009185     0  1331945      0  
CD009185     0  21224817     0  
CD009185     0  7236171      0  
CD009185     0  18490378     0  
CD009185     0  2085989      0  
CD009185     0  6842296      0  
CD009185     0  2557799      0  
CD009185     0  20494371     0  
CD009185     0  20494370     0  
CD009185     0  22048628     0  
CD009185     0  9639974      0  
CD009185     0  1616829      0  
CD009185     0  15309597     0  
CD009185     0  8560356      0  
CD009185     0  21080122     1  
CD009185     0  4741095      0  
CD009185     0  14602856     0  
CD009185     0  7304657      0  
CD009185     0  2371096      0  
CD009185     0  6616678      0  
CD009185     0  2729027      0  
CD009185     0  8155927      0  
CD009185     0  19692089     0  
CD009185     0  19798584     0  
CD009185     0  3055628      0  
CD009185     0  9446004      0  
CD009185     0  12686865     0  
CD009185     0  793701       0  
CD009185     0  15663676     0  
CD009185     0  7979542      0  
CD009185     0  3511281      0  
CD009185     0  17347969     0  
CD009185     0  21059720     0  
CD009185     0  6392427      0  
CD009185     0  3075148      0  
CD009185     0  23086593     0  
CD009185     0  17176873     0  
CD009185     0  7628142      0  
CD009185     0  14752575     0  
CD009185     0  7658265      0  
CD009185     0  18197421     0  
CD009185     0  11106046     0  
CD009185     0  8669103      0  
CD009185     0  9858295      0  
CD009185     0  19233952     0  
CD009185     0  21672365     0  
CD009185     0  11529382     0  
CD009185     0  1331546      0  
CD009185     0  1314912      0  
CD009185     0  1331545      0  
CD009185     0  4830875      0  
CD009185     0  19296988     0  
CD009185     0  12529467     0  
CD009185     0  10654980     1  
CD009185     0  18035134     0  
CD009185     0  7490974      0  
CD009185     0  15180629     0  
CD009185     0  10654988     1  
CD009185     0  9708522      0  
CD009185     0  22019042     0  
CD009185     0  7487376      0  
CD009185     0  18306603     0  
CD009185     0  9791546      0  
CD009185     0  5378244      0  
CD009185     0  19205751     1  
CD009185     0  20739047     0  
CD009185     0  3001474      0  
CD009185     0  17724831     0  
CD009185     0  22282382     1  
CD009185     0  16704677     0  
CD009185     0  10616861     0  
CD009185     0  10916126     0  
CD009185     0  5108310      0  
CD009185     0  2997967      0  
CD009185     0  3137732      0  
CD009185     0  17901064     0  
CD009185     0  15000940     0  
CD009185     0  9685836      1  
CD009185     0  8818087      0  
CD009185     0  22390086     0  
CD009185     0  622751       0  
CD009185     0  10804401     0  
CD009185     0  6306891      0  
CD009185     0  12578155     0  
CD009185     0  2537481      0  
CD009185     0  17216249     0  
CD009185     0  2633344      0  
CD009185     0  19861314     0  
CD009185     0  16267189     0  
CD009185     0  1836598      0  
CD009185     0  7120583      0  
CD009185     0  8951910      0  
CD009185     0  21952978     0  
CD009185     0  11177086     0  
CD009185     0  15254309     0  
CD009185     0  6397649      0  
CD009185     0  2282422      0  
CD009185     0  18715588     0  
CD009185     0  2691478      0  
CD009185     0  7970949      0  
CD009185     0  3901351      0  
CD009185     0  19580199     0  
CD009185     0  11412461     0  
CD009185     0  3915925      0  
CD009185     0  20650494     0  
CD009185     0  11676905     0  
CD009185     0  21595569     0  
CD009185     0  9542009      0  
CD009185     0  9613363      0  
CD009185     0  10876758     0  
CD009185     0  14156610     0  
CD009185     0  1502632      0  
CD009185     0  14432124     0  
CD009185     0  9138922      0  
CD009185     0  3299159      0  
CD009185     0  2703684      0  
CD009185     0  16455210     0  
CD009185     0  21678239     0  
CD009185     0  16820673     0  
CD009185     0  23084015     0  
CD009185     0  21229390     0  
CD009185     0  11391332     0  
CD009185     0  15241674     0  
CD009185     0  17690790     0  
CD009185     0  10805465     0  
CD009185     0  4686855      0  
CD009185     0  16649426     0  
CD009185     0  21291848     0  
CD009185     0  5084829      0  
CD009185     0  7936016      0  
CD009185     0  8866798      0  
CD009185     0  2625914      0  
CD009185     0  14512648     0  
CD009185     0  19051656     0  
CD009185     0  7696107      1  
CD009185     0  2660529      0  
CD009185     0  15250022     0  
CD009185     0  17912983     0  
CD009185     0  3524899      0  
CD009185     0  15455544     0  
CD009185     0  12584530     0  
CD009185     0  6024634      0  
CD009185     0  5142852      0  
CD009185     0  6294943      0  
CD009185     0  1830430      0  
CD009185     0  2853479      0  
CD009185     0  11886600     0  
CD009185     0  22806283     0  
CD009185     0  5426706      0  
CD009185     0  18368793     0  
CD009185     0  5566892      0  
CD009185     0  14716571     0  
CD009185     0  8941580      0  
CD009185     0  8213371      0  
CD009185     0  509024       0  
CD009185     0  21093340     0  
CD009185     0  9259528      0  
CD009185     0  8370950      0  
CD009185     0  5352269      0  
CD009185     0  9792797      0  
CD009185     0  11914672     0  
CD009185     0  10961818     0  
CD009185     0  2191830      0  
CD009185     0  7244659      0  
CD009185     0  3000683      0  
CD009185     0  10588266     0  
CD009185     0  10224840     0  
CD009185     0  10588269     0  
CD009185     0  8254894      0  
CD009185     0  21996110     0  
CD009185     0  11865544     0  
CD009185     0  7597245      0  
CD009185     0  16110405     0  
CD009185     0  6095534      0  
CD009185     0  16639846     0  
CD009185     0  21125400     0  
CD009185     0  12352339     0  
CD009185     0  9776536      1  
CD009185     0  7885789      0  
CD009185     0  16025299     1  
CD009185     0  10944023     0  
CD009185     0  6369943      0  
CD009185     0  509658       0  
CD009185     0  2854178      0  
CD009185     0  3306778      0  
CD009185     0  3906538      0  
CD009185     0  5693713      0  
CD009185     0  20198742     0  
CD009185     0  10321827     0  
CD009185     0  6293750      0  
CD009185     0  20531092     0  
CD009185     0  17187613     0  
CD009185     0  6323942      0  
CD009185     0  23052650     0  
CD009185     0  10478742     0  
CD009185     0  12792386     0  
CD009185     0  14146614     0  
CD009185     0  14313412     0  
CD009185     0  9361542      0  
CD009185     0  3790338      0  
CD009185     0  8707677      0  
CD009185     0  16205610     0  
CD009185     0  21633831     0  
CD009185     0  22302294     0  
CD009185     0  4366543      0  
CD009185     0  12775285     0  
CD009185     0  8000832      0  
CD009185     0  3989915      0  
CD009185     0  18443549     0  
CD009185     0  4344627      0  
CD009185     0  4024610      0  
CD009185     0  10458387     0  
CD009185     0  16109085     0  
CD009185     0  21258940     0  
CD009185     0  1229763      0  
CD009185     0  21278424     0  
CD009185     0  566893       0  
CD009185     0  12352600     0  
CD009185     0  11095036     0  
CD009185     0  9379207      0  
CD009185     0  10569962     0  
CD009185     0  11983344     0  
CD009185     0  10958742     0  
CD009185     0  21070577     0  
CD009185     0  14598100     0  
CD009185     0  1661570      0  
CD009185     0  14194186     0  
CD009185     0  7808845      0  
CD009185     0  7633172      0  
CD009185     0  20096864     0  
CD009185     0  23295053     0  
CD009185     0  3982254      0  
CD009185     0  8969722      0  
CD009185     0  20632037     0  
CD009185     0  5929012      0  
CD009185     0  7463590      0  
CD009185     0  17848251     0  
CD009185     0  1668967      0  
CD009185     0  3292724      0  
CD009185     0  17197887     1  
CD009185     0  11258409     0  
CD009185     0  16132773     0  
CD009185     0  2202479      0  
CD009185     0  16006953     0  
CD009185     0  3177136      0  
CD009185     0  10971281     0  
CD009185     0  10147646     0  
CD009185     0  9876948      0  
CD009185     0  9874316      0  
CD009185     0  6086231      0  
CD009185     0  16898507     0  
CD009185     0  6086233      0  
CD009185     0  1943585      0  
CD009185     0  625226       0  
CD009185     0  12847893     0  
CD009185     0  6395318      0  
CD009185     0  18631922     0  
CD009185     0  21654166     0  
CD009185     0  3554155      0  
CD009185     0  7518158      0  
CD009185     0  15379054     1  
CD009185     0  11687677     0  
CD009185     0  16358447     0  
CD009185     0  3915546      0  
CD009185     0  12497243     0  
CD009185     0  8752862      0  
CD009185     0  16148660     0  
CD009185     0  8251328      0  
CD009185     0  7455037      0  
CD009185     0  7985298      0  
CD009185     0  19565275     0  
CD009185     0  11298035     0  
CD009185     0  11152787     0  
CD009185     0  7173849      0  
CD009185     0  1658421      0  
CD009185     0  19099812     0  
CD009185     0  1286887      0  
CD009185     0  17427551     0  
CD009185     0  3549101      0  
CD009185     0  19128764     0  
CD009185     0  19128765     0  
CD009185     0  1847727      0  
CD009185     0  10588276     0  
CD009185     0  7235522      0  
CD009185     0  22089774     0  
CD009185     0  1334134      0  
CD009185     0  3827454      0  
CD009185     0  8381529      0  
CD009185     0  17611232     1  
CD009185     0  2238849      0  
CD009185     0  1650570      0  
CD009185     0  11416748     0  
CD009185     0  14768371     0  
CD009185     0  380104       0  
CD009185     0  19850301     0  
CD009185     0  8618333      0  
CD009185     0  16562786     0  
CD009185     0  1327798      1  
CD009185     0  11523352     0  
CD009185     0  9608142      0  
CD009185     0  5551462      0  
CD009185     0  15507849     1  
CD009185     0  2658022      0  
CD009185     0  19112220     0  
CD009185     0  12508736     0  
CD009185     0  4337806      0  
CD009185     0  9759320      0  
CD009185     0  9048821      0  
CD009185     0  11709139     0  
CD009185     0  17846912     0  
CD009185     0  5895971      0  
CD009185     0  329566       0  
CD009185     0  9002103      0  
CD009185     0  20500474     1  
CD009185     0  6289457      0  
CD009185     0  6289456      0  
CD009185     0  6289455      0  
CD009185     0  17593932     0  
CD009185     0  19879637     0  
CD009185     0  18376100     0  
CD009185     0  17115277     0  
CD009185     0  9488066      0  
CD009185     0  1274565      0  
CD009185     0  14508285     0  
CD009185     0  12925099     0  
CD009185     0  9185747      0  
CD009185     0  9757956      0  
CD009185     0  12728914     0  
CD009185     0  22569440     0  
CD009185     0  20174781     0  
CD009185     0  8176559      0  
CD009185     0  17520245     0  
CD009185     0  3900621      0  
CD009185     0  17070296     0  
CD009185     0  9190301      0  
CD009185     0  5302298      0  
CD009185     0  12671842     0  
CD009185     0  21159351     0  
CD009185     0  12801109     0  
CD009185     0  12697917     0  
CD009185     0  19303099     0  
CD009185     0  3962510      0  
CD009185     0  361992       0  
CD009185     0  12650317     0  
CD009185     0  23118979     0  
CD009185     0  6367920      0  
CD009185     0  2846898      0  
CD009185     0  14632347     0  
CD009185     0  8088280      0  
CD009185     0  21170664     0  
CD009185     0  21519371     0  
CD009185     0  8965153      0  
CD009185     0  525702       0  
CD009185     0  7382987      0  
CD009185     0  11832078     0  
CD009185     0  10451891     0  
CD009185     0  6018480      0  
CD009185     0  12127705     0  
CD009185     0  472292       0  
CD009185     0  18596013     0  
CD009185     0  21381956     0  
CD009185     0  9597102      0  
CD009185     0  5004612      0  
CD009185     0  20182668     0  
CD009185     0  14094401     0  
CD009185     0  17496008     0  
CD009185     0  17173786     0  
CD009185     0  417046       0  
CD009185     0  1433589      0  
CD009185     0  12939061     0  
CD009185     0  16502071     0  
CD009185     0  2274943      0  
CD009185     0  5773405      0  
CD009185     0  10210224     0  
CD009185     0  855395       0  
CD009185     0  19593590     1  
CD009185     0  3765885      0  
CD009185     0  3525876      0  
CD009185     0  22117375     0  
CD009185     0  9934793      0  
CD009185     0  14223263     0  
CD009185     0  11181198     0  
CD009185     0  9755546      0  
CD009185     0  12780846     0  
CD009185     0  10458463     0  
CD009185     0  532628       0  
CD009185     0  12529459     0  
CD009185     0  7210655      0  
CD009185     0  19671528     0  
CD009185     0  1155060      0  
CD009185     0  3184292      0  
CD009185     0  17701928     0  
CD009185     0  9759321      0  
CD009185     0  8032398      0  
CD009185     0  19796914     0  
CD009185     0  12612199     0  
CD009185     0  8021985      0  
CD009185     0  21561990     0  
CD009185     0  14669099     0  
CD009185     0  2829750      0  
CD009185     0  3027538      0  
CD009185     0  18950818     0  
CD009185     0  11914892     0  
CD009185     0  17696266     0  
CD009185     0  126897       0  
CD009185     0  6086232      0  
CD009185     0  16208176     0  
CD009185     0  9090657      0  
CD009185     0  19473067     0  
CD009185     0  3207074      0  
CD009185     0  11861252     0  
CD009185     0  17668243     0  
CD009185     0  15789210     0  
CD009185     0  11326483     0  
CD009185     0  9275111      0  
CD009185     0  12014054     0  
CD009185     0  22295661     0  
CD009185     0  6462809      0  
CD009185     0  21089406     0  
CD009185     0  8607206      0  
CD009185     0  22344777     0  
CD009185     0  10712059     0  
CD009185     0  5364566      0  
CD009185     0  8239890      1  
CD009185     0  18368911     0  
CD009185     0  11731648     0  
CD009185     0  21074806     0  
CD009185     0  9759316      1  
CD009185     0  2658019      0  
CD009185     0  22216314     0  
CD009185     0  7148585      0  
CD009185     0  14077797     0  
CD009185     0  9759319      0  
CD009185     0  21385483     0  
CD009185     0  7895428      0  
CD009185     0  21797109     0  
CD009185     0  10835062     0  
CD009185     0  9847064      0  
CD009185     0  19205372     1  
CD009185     0  1079107      0  
CD009185     0  9271034      0  
CD009185     0  19152962     1  
CD009185     0  8386074      0  
CD009185     0  14758509     0  
CD009185     0  15653436     0  
CD009185     0  9352548      0  
CD009185     0  11209004     0  
CD009185     0  14122196     0  
CD009185     0  15970618     0  
CD009185     0  15371779     0  
CD009185     0  14523764     0  
CD009185     0  4459306      0  
CD009185     0  4991154      0  
CD009185     0  2797980      0  
CD009185     0  16443724     0  
CD009185     0  22784491     0  
CD009185     0  11207174     1  
CD009185     0  21944121     1  
CD009185     0  14042461     0  
CD009185     0  9542778      0  
CD009185     0  4866513      0  
CD009185     0  17368268     0  
CD009185     0  380899       0  
CD009185     0  8690953      0  
CD009185     0  1640534      0  
CD009185     0  10637719     1  
CD009185     0  4042509      0  
CD009185     0  9623033      0  
CD009185     0  11434158     0  
CD009185     0  10495685     0  
CD009185     0  12206738     0  
CD009185     0  1323086      0  
CD009185     0  19794981     0  
CD009185     0  11303823     0  
CD009185     0  11808890     0  
CD009185     0  17221248     0  
CD009185     0  12447588     0  
CD009185     0  18351242     0  
CD009185     0  11750448     0  
CD009185     0  1947267      0  
CD009185     0  18609292     0  
CD009185     0  5099746      0  
CD009185     0  1331727      0  
CD009185     0  19153774     0  
CD009185     0  19068981     0  
CD009185     0  23354192     0  
CD009185     0  8862320      0  
CD009185     0  16148663     0  
CD009185     0  9988072      0  
CD009185     0  7434714      0  
CD009185     0  7851287      0  
CD009185     0  17024392     0  
CD009185     0  19446086     0  
CD009185     0  18977988     1  
CD009185     0  11442993     0  
CD009185     0  9814110      0  
CD009185     0  8344037      0  
CD009185     0  15758798     1  
CD009185     0  9196240      1  
CD009185     0  19564279     0  
CD009185     0  16142257     0  
CD009185     0  5505732      0  
CD009185     0  21063653     0  
CD009185     0  4458306      0  
CD009185     0  16079971     0  
CD009185     0  1093351      1  
CD009185     0  107906       0  
CD009185     0  10916785     0  
CD009185     0  19945126     0  
CD009185     0  3516651      0  
CD009185     0  9162354      0  
CD009185     0  17969803     0  
CD009185     0  8936011      0  
CD009185     0  4847435      0  
CD009185     0  11371942     0  
CD009185     0  22291112     0  
CD009185     0  18950808     0  
CD009185     0  9074543      0  
CD009185     0  20472269     0  
CD009185     0  3317554      0  
CD009185     0  10353409     0  
CD009185     0  14080911     0  
CD009185     0  3230545      0  
CD009185     0  18612659     0  
CD009185     0  2080795      0  
CD009185     0  18924514     0  
CD009185     0  10512886     0  
CD009185     0  2769867      0  
CD009185     0  15483488     0  
CD009185     0  11605786     0  
CD009185     0  8869786      0  
CD009185     0  1294665      0  
CD009185     0  8985526      0  
CD009185     0  18666470     0  
CD009185     0  15543565     0  
CD009185     0  1437366      0  
CD009185     0  6308868      0  
CD009185     0  6379492      0  
CD009185     0  20488486     0  
CD009185     0  21074813     0  
CD009185     0  16995345     0  
CD009185     0  18946613     0  
CD009185     0  11025746     0  
CD009185     0  11412226     0  
CD009185     0  5746663      0  
CD009185     0  21720792     0  
CD009185     0  15868848     0  
CD009185     0  9401513      0  
CD009185     0  18795484     0  
CD009185     0  20850815     1  
CD009185     0  17484219     0  
CD009185     0  3706296      0  
CD009185     0  657663       0  
CD009185     0  12632914     0  
CD009185     0  18844487     0  
CD009185     0  6538423      0  
CD009185     0  10768669     0  
CD009185     0  1311376      0  
CD009185     0  22506510     0  
CD009185     0  9426733      0  
CD009185     0  17250502     0  
CD009185     0  15599771     0  
CD009185     0  20108487     0  
CD009185     0  10511961     0  
CD009185     0  5160635      0  
CD009185     0  5314857      0  
CD009185     0  22534038     0  
CD009185     0  1664085      0  
CD009185     0  22264451     0  
CD009185     0  2193856      0  
CD009185     0  19620025     0  
CD009185     0  11194668     0  
CD009185     0  16720591     0  
CD009185     0  18267977     1  
CD009185     0  16510640     0  
CD009185     0  16585829     0  
CD009185     0  2546898      0  
CD009185     0  1797971      0  
CD009185     0  1336693      0  
CD009185     0  529672       0  
CD009185     0  2557721      0  
CD009185     0  9556646      0  
CD009185     0  8570449      0  
CD009185     0  1343562      1  
CD009185     0  8192006      0  
CD009185     0  12579398     0  
CD009185     0  12579399     0  
CD009185     0  12089886     0  
CD009185     0  8069140      0  
CD009185     0  6250263      0  
CD009185     0  20808989     0  
CD009185     0  8979546      0  
CD009185     0  8997105      0  
CD009185     0  730680       0  
CD009185     0  22658892     0  
CD009185     0  7779526      0  
CD009185     0  15666616     0  
CD009185     0  1518703      0  
CD009185     0  8390412      1  
CD009185     0  4116537      0  
CD009185     0  20234330     0  
CD009185     0  16373252     0  
CD009185     0  6023686      0  
CD009185     0  8640042      0  
CD009185     0  4479817      0  
CD009185     0  10886091     0  
CD009185     0  9722762      0  
CD009185     0  5513014      0  
CD009185     0  20512344     0  
CD009185     0  1823680      0  
CD009185     0  19761135     0  
CD009185     0  12883980     0  
CD009185     0  17851282     0  
CD009185     0  6654939      0  
CD009185     0  15544109     0  
CD009185     0  7047865      0  
CD009185     0  3007785      0  
CD009185     0  5489339      0  
CD009185     0  6744869      0  
CD009185     0  9382278      0  
CD009185     0  5112309      0  
CD009185     0  2562013      0  
CD009185     0  8201678      0  
CD009185     0  8053781      0  
CD009185     0  19009899     0  
CD009185     0  8623698      0  
CD009185     0  12563087     0  
CD009185     0  6872263      0  
CD009185     0  23115037     0  
CD009185     0  6840178      0  
CD009185     0  10201035     0  
CD009185     0  20073403     0  
CD009185     0  218073       0  
CD009185     0  8604465      0  
CD009185     0  21196618     0  
CD009185     0  17493220     0  
CD009185     0  6887361      0  
CD009185     0  11197988     0  
CD009185     0  10855622     0  
CD009185     0  6694817      0  
CD009185     0  17593362     0  
CD009185     0  20488494     0  
CD009185     0  17079816     0  
CD009185     0  7024825      0  
CD009185     0  3975545      0  
CD009185     0  4987229      0  
CD009185     0  8972785      0  
CD009185     0  1328692      0  
CD009185     0  17319905     0  
CD009185     0  11685593     1  
CD009185     0  18829791     0  
CD009185     0  8517610      0  
CD009185     0  16082551     0  
CD009185     0  15311041     0  
CD009185     0  15311040     0  
CD009185     0  9499305      1  
CD009185     0  2329413      0  
CD009185     0  20517855     0  
CD009185     0  19324369     0  
CD009185     0  679576       0  
CD009185     0  2922235      0  
CD009185     0  11015014     0  
CD009185     0  19013606     0  
CD009185     0  5457160      0  
CD009185     0  17098659     0  
CD009185     0  7615367      0  
CD009185     0  10917221     0  
CD009185     0  8796389      0  
CD009185     0  21985776     0  
CD009185     0  16356021     0  
CD009185     0  5465271      0  
CD009185     0  7012399      0  
CD009185     0  11149112     0  
CD009185     0  2868893      0  
CD009185     0  2173381      0  
CD009185     0  10363147     0  
CD009185     0  11115033     0  
CD009185     0  19254991     0  
CD009185     0  9374361      0  
CD009185     0  7626556      0  
CD009185     0  10710946     0  
CD009185     0  12592126     0  
CD009185     0  370421       0  
CD009185     0  980574       0  
CD009185     0  1034026      0  
CD009185     0  3277231      0  
CD009185     0  4854105      0  
CD009185     0  7739920      0  
CD009185     0  19352723     1  
CD009185     0  9512195      0  
CD009185     0  3834155      0  
CD009185     0  2405927      0  
CD009185     0  10552069     0  
CD009185     0  9881738      0  
CD009185     0  6430439      0  
CD009185     0  17185424     0  
CD009185     0  17632145     0  
CD009185     0  15790019     0  
CD009185     0  21292457     0  
CD009185     0  9818286      0  
CD009185     0  10955949     0  
CD009185     0  9057399      0  
CD009185     0  20654918     0  
CD009185     0  4344500      0  
CD009185     0  18310221     0  
CD009185     0  4829134      0  
CD009185     0  22171968     0  
CD009185     0  11275715     0  
CD009185     0  10473996     0  
CD009185     0  15217129     0  
CD009185     0  10841920     0  
CD009185     0  20096887     1  
CD009185     0  20096888     0  
CD009185     0  18631897     0  
CD009185     0  21669900     0  
CD009185     0  8164447      0  
CD009185     0  7653274      0  
CD009185     0  11518789     0  
CD009185     0  8564741      0  
CD009185     0  425597       0  
CD009185     0  4704265      0  
CD009185     0  5381223      0  
CD009185     0  19139086     1  
CD009185     0  404436       0  
CD009185     0  8977075      0  
CD009185     0  1571636      0  
CD009185     0  3895744      0  
CD009185     0  12632757     0  
CD009185     0  231303       0  
CD009185     0  22100009     0  
CD009185     0  17803473     1  
CD009185     0  17626605     0  
CD009185     0  9588640      1  
CD009185     0  10890332     0  
CD009185     0  15965575     0  
CD009185     0  3907093      0  
CD009185     0  9162356      0  
CD009185     0  9935056      0  
CD009185     0  9935057      0  
CD009185     0  8392121      0  
CD009185     0  6150723      0  
CD009185     0  14738249     0  
CD009185     0  8283371      1  
CD009185     0  15264238     0  
CD009185     0  4641461      0  
CD009185     0  7800217      0  
CD009185     0  9307157      0  
CD009185     0  19338556     0  
CD009185     0  8967185      0  
CD009185     0  7525437      0  
CD009185     0  17665222     0  
CD009185     0  17375337     1  
CD009185     0  5315595      0  
CD009185     0  12051457     0  
CD009185     0  1565534      0  
CD009185     0  16252105     0  
CD009185     0  12762236     0  
CD009185     0  1335226      1  
CD009185     0  17125660     0  
CD009185     0  3462650      0  
CD009185     0  4701353      0  
CD009185     0  362534       0  
CD009185     0  2084238      0  
CD009185     0  6374485      0  
CD009185     0  11343739     0  
CD009185     0  1710015      0  
CD009185     0  15808428     0  
CD009185     0  9365681      0  
CD009185     0  22377253     0  
CD009185     0  2451065      0  
CD009185     0  14967161     0  
CD009185     0  11388577     0  
CD009185     0  15769296     0  
CD009185     0  9027775      0  
CD009185     0  9002094      0  
CD009185     0  19543152     0  
CD009185     0  17171352     0  
CD009185     0  17541233     0  
CD009185     0  8625785      0  
CD009185     0  12728913     0  
CD009185     0  5802198      0  
CD009185     0  10065238     0  
CD009185     0  7143596      1  
CD009185     0  7931657      0  
CD009185     0  17374489     1  
CD009185     0  10685451     0  
CD009185     0  19130286     0  
CD009185     0  5362153      0  
CD009185     0  5059009      0  
CD009185     0  11368108     1  
CD009185     0  8390789      0  
CD009185     0  7007664      0  
CD009185     0  6054671      0  
CD009185     0  15103426     0  
CD009185     0  6214478      0  
CD009185     0  463532       0  
CD009185     0  16264022     0  
CD009185     0  5075988      0  
CD009185     0  9378920      0  
CD009185     0  19172331     0  
CD009185     0  9505851      0  
CD009185     0  9378929      0  
CD009185     0  9201493      0  
CD009185     0  21921372     0  
CD009185     0  11687440     1  
CD009185     0  16607149     0  
CD009185     0  18604119     0  
CD009185     0  9050343      0  
CD009185     0  785172       0  
CD009185     0  23131288     0  
CD009185     0  1498506      0  
CD009185     0  15217445     0  
CD009185     0  8936625      0  
CD009185     0  3954416      0  
CD009185     0  7416641      0  
CD009185     0  14125851     0  
CD009185     0  9669404      0  
CD009185     0  2112833      0  
CD009185     0  9832579      1  
CD009185     0  11484399     0  
CD009185     0  11801699     1  
CD009185     0  19142706     0  
CD009185     0  18996670     0  
CD009185     0  2171872      0  
CD009185     0  2171870      0  
CD009185     0  20679300     0  
CD009185     0  7870724      0  
CD009185     0  15329124     0  
CD009185     0  15329127     0  
CD009185     0  19747215     0  
CD009185     0  10201014     0  
CD009185     0  21816136     0  
CD009185     0  19175002     0  
CD009185     0  499972       0  
CD009185     0  14713838     0  
CD009185     0  22159658     0  
CD009185     0  15388827     0  
CD009185     0  19469771     0  
CD009185     0  2543334      0  
CD009185     0  10835978     0  
CD009185     0  1088968      0  
CD009185     0  8050797      0  
CD009185     0  8032824      0  
CD009185     0  9293820      0  
CD009185     0  2170901      1  
CD009185     0  9326963      0  
CD009185     0  8283380      0  
CD009185     0  1290517      0  
CD009185     0  7668016      0  
CD009185     0  16698369     0  
CD009185     0  16408434     0  
CD009185     0  7761049      0  
CD009185     0  22087453     0  
CD009185     0  16408432     0  
CD009185     0  16791609     1  
CD009185     0  22245305     0  
CD009185     0  12771787     0  
CD009185     0  18762516     1  
CD009185     0  16676102     0  
CD009185     0  20728131     0  
CD009185     0  8681740      0  
CD009185     0  712888       0  
CD009185     0  20843987     0  
CD009185     0  10717906     0  
CD009185     0  14501662     0  
CD009185     0  7376411      0  
CD009185     0  21807562     0  
CD009185     0  2506729      0  
CD009185     0  7741578      0  
CD009185     0  7741579      0  
CD009185     0  2185588      0  
CD009185     0  14061424     0  
CD009185     0  23235275     0  
CD009185     0  619409       0  
CD009185     0  753021       0  
CD009185     0  19661052     0  
CD009185     0  11098204     0  
CD009185     0  8072116      0  
CD009185     0  1654977      0  
CD009185     0  10571758     0  
CD009185     0  15785940     0  
CD009185     0  3900527      0  
CD009185     0  6856495      0  
CD009185     0  1314684      0  
CD009185     0  20845876     0  
CD009185     0  6383419      0  
CD009185     0  7930484      0  
CD009185     0  7090365      0  
CD009185     0  21566305     0  
CD009185     0  7090362      0  
CD009185     0  21542896     0  
CD009185     0  6726901      0  
CD009185     0  8587762      0  
CD009185     0  16287569     0  
CD009185     0  1007240      0  
CD009185     0  19282703     0  
CD009185     0  19839818     0  
CD009185     0  9035184      0  
CD009185     0  21844061     0  
CD009185     0  18715573     0  
CD009185     0  21678334     0  
CD009185     0  20839025     0  
CD009185     0  11420916     1  
CD009185     0  20940678     0  
CD009185     0  9378930      0  
CD009185     0  5737263      0  
CD009185     0  4610952      0  
CD009185     0  5046535      0  
CD009185     0  22075797     0  
CD009185     0  16356794     0  
CD009185     0  7692210      1  
CD009185     0  3656944      0  
CD009185     0  12642938     0  
CD009185     0  11003855     1  
CD009185     0  11473562     0  
CD009185     0  8378794      0  
CD009185     0  20400145     0  
CD009185     0  19695385     0  
CD009185     0  16601492     0  
CD009185     0  18551288     0  
CD009185     0  9629792      0  
CD009185     0  15891308     0  
CD009185     0  17667447     0  
CD009185     0  8396978      0  
CD009185     0  9669411      0  
CD009185     0  2596081      0  
CD009185     0  22038499     0  
CD009185     0  375176       0  
CD009185     0  6151729      0  
CD009185     0  16645840     0  
CD009185     0  14167284     0  
CD009185     0  6007498      0  
CD009185     0  3279175      0  
CD009185     0  339554       0  
CD009185     0  4131528      0  
CD009185     0  12916438     0  
CD009185     0  8036046      1  
CD009185     0  8740300      1  
CD009185     0  2742062      0  
CD009185     0  16324515     0  
CD009185     0  6875297      0  
CD009185     0  15318311     0  
CD009185     0  7618902      0  
CD009185     0  7618903      0  
CD009185     0  16252147     0  
CD009185     0  17705768     0  
CD009185     0  7057312      1  
CD009185     0  18759167     0  
CD009185     0  9381626      0  
CD009185     0  8840549      0  
CD009185     0  17609835     0  
CD009185     0  12478178     0  
CD009185     0  8969716      0  
CD009185     0  3520458      0  
CD009185     0  4659065      0  
CD009185     0  4197017      0  
CD009185     0  6255689      0  
CD009185     0  21868595     0  
CD009185     0  18590494     0  
CD009185     0  9326956      0  
CD009185     0  11793131     1  
CD009185     0  1651644      0  
CD009185     0  22301482     0  
CD009185     0  4842333      0  
CD009185     0  20852370     1  
CD009185     0  21983501     0  
CD009185     0  12792972     0  
CD009185     0  11338052     0  
CD009185     0  17207908     0  
CD009185     0  1825862      0  
CD009185     0  14960649     0  
CD009185     0  5569354      0  
CD009185     0  16894326     1  
CD009185     0  11337542     0  
CD009185     0  16390027     0  
CD009185     0  9361538      0  
CD009185     0  20093582     0  
CD009185     0  21563436     0  
CD009185     0  1671774      0  
CD009185     0  21817883     0  
CD009185     0  9146654      0  
CD009185     0  9817092      0  
CD009185     0  14223927     0  
CD009185     0  18930516     0  
CD009185     0  16649521     0  
CD009185     0  9853352      0  
CD009185     0  15954896     1  
CD009185     0  18525431     0  
CD009185     0  8657669      0  
CD009185     0  20951095     0  
CD009185     0  20556431     0  
CD009185     0  12352340     0  
CD009185     0  9555565      0  
CD009185     0  22071640     0  
CD009185     0  19397555     0  
CD009185     0  16085971     0  
CD009185     0  14500439     0  
CD009185     0  14169739     0  
CD009185     0  15739109     1  
CD009185     0  14107237     0  
CD009185     0  68180        0  
CD009185     0  17364285     0  
CD009185     0  10799427     1  
CD009185     0  17574623     1  
CD009185     0  17495428     0  
CD009185     0  938832       0  
CD009185     0  15286264     0  
CD009185     0  9291203      0  
CD009185     0  5774076      0  
CD009185     0  5940004      0  
CD009185     0  22565194     0  
CD009185     0  781306       0  
CD009185     0  18074149     1  
CD009185     0  23084719     0  
CD009185     0  19953248     0  
CD009185     0  11372624     0  
CD009185     0  18275766     0  
CD009185     0  3324374      0  
CD009185     0  9035209      0  
CD009185     0  10391060     0  
CD009185     0  2158539      0  
CD009185     0  5000421      0  
CD009185     0  11916180     0  
CD009185     0  8139141      0  
CD009185     0  8633462      0  
CD009185     0  18341874     0  
CD009185     0  7506645      0  
CD009185     0  4992096      0  
CD009185     0  3122134      0  
CD009185     0  20853007     0  
CD009185     0  6071503      0  
CD009185     0  5737277      0  
CD009185     0  11956778     0  
CD009185     0  19692032     0  
CD009185     0  21774712     0  
CD009185     0  19760157     0  
CD009185     0  9841836      0  
CD009185     0  8622200      0  
CD009185     0  22874067     0  
CD009185     0  4823731      0  
CD009185     0  12490817     0  
CD009185     0  234610       0  
CD009185     0  18830717     0  
CD009185     0  22422219     0  
CD009185     0  22998917     0  
CD009185     0  11082916     0  
CD009185     0  17188622     0  
CD009185     0  17188624     0  
CD009185     0  7024481      0  
CD009185     0  9392788      0  
CD009185     0  10775072     0  
CD009185     0  6429471      0  
CD009185     0  3525782      0  
CD009185     0  12876855     0  
CD009185     0  8284391      0  
CD009185     0  2282201      0  
CD009185     0  18082695     0  
CD009185     0  1228669      0  
CD009185     0  11130188     0  
CD009185     0  3014171      0  
CD009185     0  19395784     0  
CD009185     0  7808660      0  
CD009185     0  19705159     0  
CD009185     0  1500753      0  
CD009185     0  18040727     0  
CD009185     0  9859510      0  
CD009185     0  18540900     0  
CD009185     0  4312366      0  
CD009185     0  9147466      0  
CD009185     0  7506886      0  
CD009185     0  4830888      0  
CD009185     0  16060090     0  
CD009185     0  633475       0  
CD009185     0  7404870      0  
CD009185     0  2235316      0  
CD009185     0  689816       0  
CD009185     0  17335605     0  
CD009185     0  11187052     0  
CD009185     0  8818473      0  
CD009185     0  14672471     0  
CD009185     0  11138678     0  
CD009185     0  765437       0  
CD009185     0  11744799     0  
CD009185     0  1988517      0  
CD009185     0  9799067      0  
CD009185     0  9245255      0  
CD009185     0  21795028     0  
CD009185     0  20560461     0  
CD009185     0  18804801     0  
CD009185     0  16221100     0  
CD009185     0  481659       0  
CD009185     0  5107495      0  
CD009185     0  621567       0  
CD009185     0  20303517     0  
CD009185     0  12127212     0  
CD009185     0  1640557      0  
CD009185     0  18087632     1  
CD009185     0  15106080     0  
CD009185     0  2746689      0  
CD009185     0  7955834      0  
CD009185     0  11283215     0  
CD009185     0  7618567      0  
CD009185     0  18800229     1  
CD009185     0  3909120      0  
CD009185     0  663097       0  
CD009185     0  19396323     0  
CD009185     0  1668879      0  
CD009185     0  12794259     0  
CD009185     0  15219088     0  
CD009185     0  7787932      0  
CD009185     0  14086906     0  
CD009185     0  400492       0  
CD009185     0  5654298      0  
CD009185     0  11876137     0  
CD009185     0  4587096      0  
CD009185     0  10438391     0  
CD009185     0  22234625     0  
CD009185     0  19447856     0  
CD009185     0  23294500     0  
CD009185     0  20453268     0  
CD009185     0  15893462     1  
CD009185     0  14223541     0  
CD009185     0  17691633     0  
CD009185     0  6660671      0  
CD009185     0  18191385     0  
CD009185     0  9833368      0  
CD009185     0  8013196      0  
CD009185     0  8708770      0  
CD009185     0  6112693      0  
CD009185     0  10595891     0  
CD009185     0  8309749      0  
CD009185     0  4454766      0  
CD009185     0  16060078     0  
CD009185     0  18836845     1  
CD009185     0  7072302      0  
CD009185     0  17117084     0  
CD009185     0  15838697     0  
CD009185     0  15490148     0  
CD009185     0  9474135      0  
CD009185     0  5373347      0  
CD009185     0  10394980     0  
CD009185     0  17273861     1  
CD009185     0  10394987     0  
CD009185     0  16101979     0  
CD009185     0  9529274      0  
CD009185     0  16156319     0  
CD009185     0  21946448     0  
CD009185     0  16736226     0  
CD009185     0  1089259      0  
CD009185     0  20637377     0  
CD009185     0  18356680     0  
CD009185     0  17444829     0  
CD009185     0  11458111     0  
CD009185     0  7867876      0  
CD009185     0  10565787     0  
CD009185     0  1870178      0  
CD009185     0  7546929      0  
CD009185     0  12954160     0  
CD009185     0  17544626     0  
CD009185     0  4359007      0  
CD009185     0  20157735     0  
CD009185     0  4364497      0  
CD009185     0  10815457     0  
CD009185     0  11261676     0  
CD009185     0  8988117      1  
CD009185     0  2849381      0  
CD009185     0  17211588     0  
CD009185     0  23383542     0  
CD009185     0  2849382      0  
CD009185     0  22847386     0  
CD009185     0  10578496     0  
CD009185     0  5004030      0  
CD009185     0  19968584     0  
CD009185     0  8074959      0  
CD009185     0  18775677     0  
CD009185     0  5516958      0  
CD009185     0  9072482      0  
CD009185     0  9808966      0  
CD009185     0  7482830      0  
CD009185     0  14632865     0  
CD009185     0  9275984      0  
CD009185     0  12851776     0  
CD009185     0  22358350     0  
CD009185     0  10535336     0  
CD009185     0  9224361      0  
CD009185     0  7010830      0  
CD009185     0  2388315      0  
CD009185     0  8200390      0  
CD009185     0  16491412     0  
CD009185     0  19018048     0  
CD009185     0  927059       0  
CD009185     0  12188413     0  
CD009185     0  16305102     0  
CD009185     0  1589729      1  
CD009185     0  6376860      0  
CD009185     0  19377236     1  
CD009185     0  8935409      0  
CD009185     0  18025941     0  
CD009185     0  14206002     0  
CD009185     0  4752617      0  
CD009185     0  15258842     0  
CD009185     0  11511988     1  
CD009185     0  14201386     0  
CD009185     0  5523637      0  
CD009185     0  17338614     0  
CD009185     0  11595849     0  
CD009185     0  5778550      0  
CD009185     0  12595511     0  
CD009185     0  11203154     0  
CD009185     0  3526667      0  
CD009185     0  21154310     0  
CD009185     0  9493226      0  
CD009185     0  9064670      0  
CD009185     0  11336167     0  
CD009185     0  15846759     0  
CD009185     0  10893627     0  
CD009185     0  2510121      0  
CD009185     0  21263415     0  
CD009185     0  9365488      0  
CD009185     0  7080869      0  
CD009185     0  19444481     0  
CD009185     0  7774071      0  
CD009185     0  12696269     0  
CD009185     0  7120544      0  
CD009185     0  9206514      0  
CD009185     0  4367040      0  
CD009185     0  9926301      0  
CD009185     0  19620428     0  
CD009185     0  12802637     0  
CD009185     0  9408646      0  
CD009185     0  3141970      0  
CD009185     0  21511275     0  
CD009185     0  1110402      0  
CD009185     0  18491728     0  
CD009185     0  7438660      0  
CD009185     0  15973531     0  
CD009185     0  7426865      0  
CD009185     0  18273976     0  
CD009185     0  21527211     0  
CD009185     0  19692059     0  
CD009185     0  3745475      0  
CD009185     0  21876308     0  
CD009185     0  15043659     0  
CD009185     0  1000895      0  
CD009185     0  1810092      0  
CD009185     0  22471699     0  
CD009185     0  8792507      0  
CD009185     0  3292665      1  
CD009185     0  16865393     0  
CD009185     0  18374004     0  
CD009185     0  10570866     0  
CD009185     0  12491832     0  
CD009185     0  10223500     0  
CD009185     0  19356210     0  
CD009185     0  19241137     0  
CD009185     0  3556433      0  
CD009185     0  2657513      0  
CD009185     0  7019822      0  
CD009185     0  11387151     0  
CD009185     0  8309003      0  
CD009185     0  2791473      0  
CD009185     0  16732797     0  
CD009185     0  6348227      0  
CD009185     0  219419       0  
CD009185     0  22837119     0  
CD009185     0  15981747     1  
CD009185     0  18199100     0  
CD009185     0  16617390     0  
CD009185     0  4942283      0  
CD009185     0  10943962     0  
CD009185     0  2417088      0  
CD009185     0  3800652      0  
CD009185     0  21498838     0  
CD009185     0  8488762      0  
CD009185     0  12583365     0  
CD009185     0  21155515     0  
CD009185     0  1929174      0  
CD009185     0  1307636      0  
CD009185     0  11723484     0  
CD009185     0  6024104      0  
CD009185     0  17874252     0  
CD009185     0  15867014     0  
CD009185     0  4432960      0  
CD009185     0  19687772     1  
CD009185     0  18982468     0  
CD009185     0  16963479     0  
CD009185     0  19626562     0  
CD009185     0  12879736     0  
CD009185     0  5561354      0  
CD009185     0  12665313     0  
CD009185     0  19583716     0  
CD009185     0  17044453     0  
CD009185     0  5395279      0  
CD009185     0  12197798     0  
CD009185     0  10228997     0  
CD009185     0  21556719     0  
CD009185     0  9577484      0  
CD009185     0  6368870      0  
CD009185     0  4999222      0  
CD009185     0  383112       0  
CD009185     0  12411844     0  
CD009185     0  99869        0  
CD009185     0  7953103      0  
CD009185     0  5138076      0  
CD009185     0  17875650     1  
CD009185     0  19230904     0  
CD009185     0  7998566      0  
CD009185     0  9666760      0  
CD009185     0  22900512     0  
CD009185     0  19403254     0  
CD009185     0  18401288     0  
CD009185     0  5535118      0  
CD009185     0  22374404     0  
CD009185     0  8617015      0  
CD009185     0  19377227     1  
CD009185     0  7404927      0  
CD009185     0  9141589      0  
CD009185     0  10792074     0  
CD009185     0  6584979      0  
CD009185     0  21069568     0  
CD009185     0  4748257      0  
CD009185     0  11917046     0  
CD009185     0  2096433      0  
CD009185     0  926609       0  
CD009185     0  7881994      0  
CD009185     0  876243       0  
CD009185     0  15675130     0  
CD009185     0  7039139      0  
CD009185     0  14513136     0  
CD009185     0  1281961      0  
CD009185     0  2631715      0  
CD009185     0  20303537     0  
CD009185     0  15074024     0  
CD009185     0  10540651     0  
CD009185     0  4619754      0  
CD009185     0  2403596      0  
CD009185     0  5860985      0  
CD009185     0  8577552      0  
CD009185     0  8577553      0  
CD009185     0  8577554      0  
CD009185     0  2021813      0  
CD009185     0  20418790     0  
CD009185     0  8151463      0  
CD009185     0  12559263     0  
CD009185     0  2208931      0  
CD009185     0  1314153      0  
CD009185     0  8896512      0  
CD009185     0  12628093     0  
CD009185     0  19172102     0  
CD009185     0  4417154      0  
CD009185     0  2691484      0  
CD009185     0  18570864     0  
CD009185     0  19182730     0  
CD009185     0  2666597      0  
CD009185     0  10885698     0  
CD009185     0  12650293     0  
CD009185     0  18652168     0  
CD009185     0  12650294     1  
CD009185     0  16528111     0  
CD009185     0  2629032      0  
CD009185     0  23013942     0  
CD009185     0  395815       0  
CD009185     0  6204873      0  
CD009185     0  22307925     0  
CD009185     0  8784392      0  
CD009185     0  10656274     0  
CD009185     0  9542421      0  
CD009185     0  3319011      0  
CD009185     0  16854571     0  
CD009185     0  21484032     0  
CD009185     0  7478135      0  
CD009185     0  17296422     0  
CD009185     0  18687710     0  
CD009185     0  12212827     0  
CD009185     0  859036       0  
CD009185     0  11753132     0  
CD009185     0  11219908     0  
CD009185     0  6369027      0  
CD009185     0  3283989      0  
CD009185     0  3895818      0  
CD009185     0  10595470     0  
CD009185     0  18071688     0  
CD009185     0  1352870      0  
CD009185     0  4819689      0  
CD009185     0  19841948     1  
CD009185     0  1433579      0  
CD009185     0  7715992      0  
CD009185     0  1681043      1  
CD009185     0  18690985     0  
CD009185     0  2996289      0  
CD009185     0  11805483     0  
CD009185     0  952140       0  
CD009185     0  5725671      0  
CD009185     0  19334391     0  
CD009185     0  14764144     0  
CD009185     0  10530060     0  
CD009185     0  1829284      0  
CD009185     0  1154789      0  
CD009185     0  8129430      1  
CD009185     0  3316900      0  
CD009185     0  7628168      0  
CD009185     0  15319604     0  
CD009185     0  12754871     0  
CD009185     0  14686759     0  
CD009185     0  15890693     0  
CD009185     0  12700963     0  
CD009185     0  12465428     0  
CD009185     0  12700964     0  
CD009185     0  450525       0  
CD009185     0  5871677      0  
CD009185     0  23002662     0  
CD009185     0  12411870     0  
CD009185     0  9848795      0  
CD009185     0  18641996     0  
CD009185     0  2567765      0  
CD009185     0  11928843     0  
CD009185     0  4756002      0  
CD009185     0  22572004     0  
CD009185     0  1753422      0  
CD009185     0  4851227      0  
CD009185     0  2169847      0  
CD009185     0  6423107      0  
CD009185     0  4582562      0  
CD009185     0  2838716      0  
CD009185     0  697217       1  
CD009185     0  19002451     0  
CD009185     0  13727430     0  
CD009185     0  2688367      0  
CD009185     0  7915403      0  
CD009185     0  11732122     0  
CD009185     0  10966194     0  
CD009185     0  15592072     1  
CD009185     0  21083886     0  
CD009185     0  6879276      0  
CD009185     0  15451490     0  
CD009185     0  5810513      0  
CD009185     0  9152526      0  
CD009185     0  11259232     0  
CD009185     0  8863581      0  
CD009185     0  1130173      0  
CD009185     0  660773       0  
CD009185     0  19450818     0  
CD009185     0  14501762     0  
CD009185     0  17442740     0  
CD009185     0  712907       0  
CD009185     0  1317065      1  
CD009185     0  3070464      0  
CD009185     0  7226673      0  
CD009185     0  20488469     0  
CD009185     0  20478580     0  
CD009185     0  15188739     0  
CD009185     0  7015262      0  
CD009185     0  7734908      0  
CD009185     0  4308468      0  
CD009185     0  4709216      0  
CD009185     0  10390264     1  
CD009185     0  14715561     0  
CD009185     0  11355070     0  
CD009185     0  9223826      0  
CD009185     0  7185987      0  
CD009185     0  412088       0  
CD009185     0  1318485      0  
CD009185     0  8040793      0  
CD009185     0  1759036      0  
CD009185     0  2699313      0  
CD009185     0  12206739     0  
CD009185     0  4944539      0  
CD009185     0  7087971      0  
CD009185     0  15657508     0  
CD009185     0  2893330      0  
CD009185     0  9465255      0  
CD009185     0  11303239     0  
CD009185     0  3322076      0  
CD009185     0  1098384      0  
CD009185     0  19588169     0  
CD009185     0  21392102     0  
CD009185     0  8414754      0  
CD009185     0  5695120      0  
CD009185     0  20494369     0  
CD009185     0  6307702      0  
CD009185     0  13687532     0  
CD009185     0  9831790      0  
CD009185     0  14685837     0  
CD009185     0  22849905     0  
CD009185     0  11812710     0  
CD009185     0  19921278     0  
CD009185     0  14209029     0  
CD009185     0  7794724      0  
CD009185     0  12848478     0  
CD009185     0  4408994      0  
CD009185     0  7794723      0  
CD009185     0  15560268     0  
CD009185     0  18096464     0  
CD009185     0  11572232     0  
CD009185     0  850312       0  
CD009185     0  11057838     0  
CD009185     0  8029384      0  
CD009185     0  4421769      0  
CD009185     0  7017910      0  
CD009185     0  3550670      0  
CD009185     0  16079986     1  
CD009185     0  12536245     0  
CD009185     0  2292157      0  
CD009185     0  23199564     0  
CD009185     0  8479676      0  
CD009185     0  16770129     0  
CD009185     0  6400077      0  
CD009185     0  5514135      0  
CD009185     0  17201947     0  
CD009185     0  10100365     0  
CD009185     0  6373221      0  
CD009185     0  16036893     0  
CD009185     0  8659016      0  
CD009185     0  2177534      0  
CD009185     0  8692483      0  
CD009185     0  10588267     0  
CD009185     0  704508       0  
CD009185     0  9695664      0  
