CD009135     0  23875052     0  
CD009135     0  12041549     0  
CD009135     0  7966534      0  
CD009135     0  22666514     0  
CD009135     0  23816511     0  
CD009135     0  15715249     1  
CD009135     0  11155376     0  
CD009135     0  2116736      0  
CD009135     0  14710861     0  
CD009135     0  11898459     0  
CD009135     0  12446084     0  
CD009135     0  16894000     0  
CD009135     0  18067978     0  
CD009135     0  23029576     0  
CD009135     0  19228350     0  
CD009135     0  16501764     0  
CD009135     0  7639932      0  
CD009135     0  7678428      0  
CD009135     0  2142993      0  
CD009135     0  12798050     0  
CD009135     0  10716069     0  
CD009135     0  9254461      0  
CD009135     0  22426042     0  
CD009135     0  16778325     0  
CD009135     0  20098726     0  
CD009135     0  23459501     0  
CD009135     0  23375044     0  
CD009135     0  18985567     0  
CD009135     0  18948879     0  
CD009135     0  2065447      0  
CD009135     0  19209783     0  
CD009135     0  6174454      0  
CD009135     0  10066659     0  
CD009135     0  21411602     0  
CD009135     0  8979477      0  
CD009135     0  10774675     0  
CD009135     0  9684645      0  
CD009135     0  8768590      0  
CD009135     0  3059666      0  
CD009135     0  21392021     0  
CD009135     0  14613628     0  
CD009135     0  22951664     0  
CD009135     0  17050814     0  
CD009135     0  11986261     0  
CD009135     0  12088850     0  
CD009135     0  22987654     0  
CD009135     0  12880591     0  
CD009135     0  9625936      0  
CD009135     0  3410946      0  
CD009135     0  8882199      0  
CD009135     0  20838650     0  
CD009135     0  9988336      0  
CD009135     0  21519710     0  
CD009135     0  11198396     0  
CD009135     0  3268597      0  
CD009135     0  11166894     0  
CD009135     0  12571371     0  
CD009135     0  9789439      0  
CD009135     0  804268       0  
CD009135     0  22180796     0  
CD009135     0  12007442     0  
CD009135     0  17445130     0  
CD009135     0  3021967      0  
CD009135     0  8974003      0  
CD009135     0  2071901      0  
CD009135     0  7174006      0  
CD009135     0  23920056     0  
CD009135     0  7770430      0  
CD009135     0  9031887      0  
CD009135     0  11989529     1  
CD009135     0  3299657      0  
CD009135     0  9707668      0  
CD009135     0  18285726     1  
CD009135     0  8624503      0  
CD009135     0  22065060     0  
CD009135     0  15716053     0  
CD009135     0  20507695     0  
CD009135     0  15501518     0  
CD009135     0  10658425     0  
CD009135     0  14651132     0  
CD009135     0  8594675      0  
CD009135     0  17761496     0  
CD009135     0  20889872     0  
CD009135     0  24270249     1  
CD009135     0  7559934      0  
CD009135     0  4198290      0  
CD009135     0  16517995     1  
CD009135     0  19082273     0  
CD009135     0  2460498      0  
CD009135     0  19815868     0  
CD009135     0  7747300      0  
CD009135     0  3260220      0  
CD009135     0  17488915     0  
CD009135     0  23133683     0  
CD009135     0  16287909     0  
CD009135     0  19859739     1  
CD009135     0  20804432     0  
CD009135     0  21347452     0  
CD009135     0  21890159     0  
CD009135     0  23729024     0  
CD009135     0  14959824     0  
CD009135     0  2168824      0  
CD009135     0  12806462     0  
CD009135     0  17319595     0  
CD009135     0  16887159     0  
CD009135     0  17896607     0  
CD009135     0  14971702     0  
CD009135     0  14971701     1  
CD009135     0  20814123     0  
CD009135     0  10372969     0  
CD009135     0  2984847      0  
CD009135     0  8376875      0  
CD009135     0  6792937      0  
CD009135     0  18817598     0  
CD009135     0  10645978     0  
CD009135     0  7665640      0  
CD009135     0  22556076     0  
CD009135     0  17257811     0  
CD009135     0  10464386     0  
CD009135     0  8544037      0  
CD009135     0  2208620      0  
CD009135     0  19036393     0  
CD009135     0  7570874      0  
CD009135     0  15071070     0  
CD009135     0  3080918      0  
CD009135     0  12479553     0  
CD009135     0  9632596      0  
CD009135     0  8192514      0  
CD009135     0  20212344     1  
CD009135     0  11716090     0  
CD009135     0  2278067      0  
CD009135     0  18441999     0  
CD009135     0  21550926     0  
CD009135     0  12631320     1  
CD009135     0  16882683     0  
CD009135     0  8336651      0  
CD009135     0  2680934      0  
CD009135     0  16914648     0  
CD009135     0  11478434     0  
CD009135     0  21222421     0  
CD009135     0  7602171      0  
CD009135     0  3918821      0  
CD009135     0  8450694      0  
CD009135     0  12572956     0  
CD009135     0  6997199      0  
CD009135     0  19962790     0  
CD009135     0  19377416     1  
CD009135     0  3689020      0  
CD009135     0  3720902      0  
CD009135     0  10958448     0  
CD009135     0  10674675     0  
CD009135     0  17000724     0  
CD009135     0  7778144      0  
CD009135     0  2623431      0  
CD009135     0  18606766     1  
CD009135     0  3079507      0  
CD009135     0  1755052      0  
CD009135     0  24086782     1  
CD009135     0  1755050      0  
CD009135     0  23990996     0  
CD009135     0  19270279     0  
CD009135     0  4604567      0  
CD009135     0  1440774      0  
CD009135     0  6524994      0  
CD009135     0  22828555     0  
CD009135     0  2788044      0  
CD009135     0  10534192     1  
CD009135     0  3973425      0  
CD009135     0  10713835     0  
CD009135     0  18819654     0  
CD009135     0  6391221      1  
CD009135     0  10569788     0  
CD009135     0  11802273     1  
CD009135     0  6772116      0  
CD009135     0  21591519     0  
CD009135     0  1802528      0  
CD009135     0  16410865     0  
CD009135     0  8214280      0  
CD009135     0  20439958     0  
CD009135     0  2470787      0  
CD009135     0  8169424      0  
CD009135     0  22124592     0  
CD009135     0  6154425      0  
CD009135     0  9509187      0  
CD009135     0  12965912     0  
CD009135     0  9598439      0  
CD009135     0  22686715     0  
CD009135     0  6353959      0  
CD009135     0  23413992     0  
CD009135     0  11992157     0  
CD009135     0  19457530     0  
CD009135     0  15845279     0  
CD009135     0  7324125      0  
CD009135     0  10761737     0  
CD009135     0  1377180      0  
CD009135     0  23738023     1  
CD009135     0  7156848      0  
CD009135     0  13540351     0  
CD009135     0  22665599     0  
CD009135     0  23717700     1  
CD009135     0  9749626      0  
CD009135     0  17761525     0  
CD009135     0  11687466     0  
CD009135     0  3731524      0  
CD009135     0  9302200      0  
CD009135     0  1281399      0  
CD009135     0  10643901     0  
CD009135     0  12111603     1  
CD009135     0  7650167      0  
CD009135     0  16203020     1  
CD009135     0  11770114     0  
CD009135     0  12173133     1  
CD009135     0  23112869     0  
CD009135     0  21708392     0  
CD009135     0  16519257     0  
CD009135     0  2617600      0  
CD009135     0  8950522      0  
CD009135     0  16103587     1  
CD009135     0  22629475     0  
CD009135     0  1941350      0  
CD009135     0  19232657     0  
CD009135     0  11724850     0  
CD009135     0  20957193     0  
CD009135     0  19011572     0  
CD009135     0  9846221      0  
CD009135     0  11304066     0  
CD009135     0  2620171      0  
CD009135     0  3782864      0  
CD009135     0  8195388      0  
CD009135     0  18367879     0  
CD009135     0  12414775     0  
CD009135     0  23563762     0  
CD009135     0  15454691     0  
CD009135     0  16790767     0  
CD009135     0  23929119     0  
CD009135     0  14725337     0  
CD009135     0  2260170      0  
CD009135     0  15784182     0  
CD009135     0  10950806     0  
CD009135     0  6642649      0  
CD009135     0  15305704     0  
CD009135     0  9625911      1  
CD009135     0  12044305     0  
CD009135     0  7722314      0  
CD009135     0  20527645     0  
CD009135     0  11391421     0  
CD009135     0  9215584      0  
CD009135     0  17506280     1  
CD009135     0  21722262     0  
CD009135     0  18761342     0  
CD009135     0  21765960     0  
CD009135     0  10748894     0  
CD009135     0  3136958      0  
CD009135     0  12567693     1  
CD009135     0  23509434     0  
CD009135     0  21592669     0  
CD009135     0  11874880     0  
CD009135     0  23023349     1  
CD009135     0  19475352     0  
CD009135     0  22942208     0  
CD009135     0  16410935     0  
CD009135     0  4035734      0  
CD009135     0  16177384     0  
CD009135     0  21533874     0  
CD009135     0  19623158     0  
CD009135     0  14964810     0  
CD009135     0  2179945      0  
CD009135     0  9698836      0  
CD009135     0  10798038     0  
CD009135     0  2972929      0  
CD009135     0  16792672     0  
CD009135     0  2332662      0  
CD009135     0  16333084     1  
CD009135     0  18444567     0  
CD009135     0  18444568     1  
CD009135     0  20639822     1  
CD009135     0  12151189     0  
CD009135     0  17100627     0  
CD009135     0  21936087     0  
CD009135     0  22761296     0  
CD009135     0  1844381      0  
CD009135     0  11703291     0  
CD009135     0  10652117     0  
CD009135     0  19803542     0  
CD009135     0  9492776      1  
CD009135     0  9459400      0  
CD009135     0  17257310     0  
CD009135     0  22361489     0  
CD009135     0  3890778      0  
CD009135     0  11251906     1  
CD009135     0  8830229      0  
CD009135     0  10391861     0  
CD009135     0  7862466      0  
CD009135     0  21292896     0  
CD009135     0  22815147     0  
CD009135     0  22370753     0  
CD009135     0  23930349     0  
CD009135     0  15801067     0  
CD009135     0  3603654      0  
CD009135     0  18632926     1  
CD009135     0  11164745     1  
CD009135     0  10564916     0  
CD009135     0  2482707      0  
CD009135     0  1463906      0  
CD009135     0  8450408      0  
CD009135     0  3831071      0  
CD009135     0  22403310     0  
CD009135     0  8415555      0  
CD009135     0  8758549      0  
CD009135     0  17223963     0  
CD009135     0  1406366      0  
CD009135     0  7875095      0  
CD009135     0  11440389     0  
CD009135     0  20378427     0  
CD009135     0  16297287     0  
CD009135     0  8950566      0  
CD009135     0  23272069     0  
CD009135     0  7802487      0  
CD009135     0  1288429      0  
CD009135     0  12563469     0  
CD009135     0  3127137      1  
CD009135     0  12471430     1  
CD009135     0  541005       0  
CD009135     0  7802488      0  
CD009135     0  15833054     0  
CD009135     0  9463665      0  
CD009135     0  16825347     1  
CD009135     0  15334256     0  
CD009135     0  19052290     0  
CD009135     0  1644148      0  
CD009135     0  22221754     0  
CD009135     0  12739806     0  
CD009135     0  21762596     1  
CD009135     0  7855563      0  
CD009135     0  7802504      0  
CD009135     0  21998875     0  
CD009135     0  21540376     0  
CD009135     0  20351785     0  
CD009135     0  6383236      0  
CD009135     0  14519328     0  
CD009135     0  21715587     0  
CD009135     0  21537682     0  
CD009135     0  15432204     0  
CD009135     0  21923256     0  
CD009135     0  18320110     0  
CD009135     0  10402977     0  
CD009135     0  21931871     0  
CD009135     0  7570862      0  
CD009135     0  9593022      0  
CD009135     0  14658226     0  
CD009135     0  22303488     0  
CD009135     0  22137192     0  
CD009135     0  4603824      0  
CD009135     0  18351544     0  
CD009135     0  15550258     0  
CD009135     0  21063981     0  
CD009135     0  2476395      0  
CD009135     0  23324219     0  
CD009135     0  12573549     0  
CD009135     0  18840751     0  
CD009135     0  12567678     0  
CD009135     0  9648362      0  
CD009135     0  23149580     0  
CD009135     0  15879027     0  
CD009135     0  19022464     0  
CD009135     0  11685252     0  
CD009135     0  18939898     0  
CD009135     0  15885803     0  
CD009135     0  17552117     0  
CD009135     0  12685638     1  
CD009135     0  2676469      0  
CD009135     0  19623643     1  
CD009135     0  16778304     0  
CD009135     0  3911041      0  
CD009135     0  3992635      0  
CD009135     0  3913701      0  
CD009135     0  18803606     0  
CD009135     0  3115642      0  
CD009135     0  1539745      0  
CD009135     0  9163981      0  
CD009135     0  3252756      1  
CD009135     0  8236390      0  
CD009135     0  666392       0  
CD009135     0  7974667      0  
CD009135     0  19276810     0  
CD009135     0  8788994      0  
CD009135     0  7292592      0  
CD009135     0  20635639     1  
CD009135     0  11370249     0  
CD009135     0  23123344     0  
CD009135     0  382338       0  
CD009135     0  17404324     0  
CD009135     0  8613339      0  
CD009135     0  10564720     0  
CD009135     0  4197659      0  
CD009135     0  19759231     0  
CD009135     0  1852133      0  
CD009135     0  3373056      0  
CD009135     0  15332732     0  
CD009135     0  2267968      0  
CD009135     0  23272263     0  
CD009135     0  2199962      0  
CD009135     0  10450438     0  
CD009135     0  3301032      0  
CD009135     0  16580229     0  
CD009135     0  1770880      0  
CD009135     0  11132368     0  
CD009135     0  14742530     0  
CD009135     0  22037435     0  
CD009135     0  8314991      0  
CD009135     0  6370477      0  
CD009135     0  15189464     1  
CD009135     0  19499327     0  
CD009135     0  17005782     0  
CD009135     0  14619969     0  
CD009135     0  18318942     0  
CD009135     0  2697793      0  
CD009135     0  11490994     0  
CD009135     0  11600910     0  
CD009135     0  14651134     1  
CD009135     0  23221770     0  
CD009135     0  23382276     0  
CD009135     0  19008139     0  
CD009135     0  16210482     0  
CD009135     0  22370826     0  
CD009135     0  1940218      0  
CD009135     0  21485694     0  
CD009135     0  11334970     0  
CD009135     0  23693114     0  
CD009135     0  15741546     0  
CD009135     0  1628545      0  
CD009135     0  12764443     0  
CD009135     0  12149396     0  
CD009135     0  17652852     0  
CD009135     0  21616516     0  
CD009135     0  15986599     0  
CD009135     0  20850210     0  
CD009135     0  15380274     0  
CD009135     0  15761608     0  
CD009135     0  19059724     0  
CD009135     0  11980401     1  
CD009135     0  11925984     0  
CD009135     0  14496767     0  
CD009135     0  23295882     0  
CD009135     0  9509176      0  
CD009135     0  21212211     0  
CD009135     0  21212210     1  
CD009135     0  21419708     0  
CD009135     0  11209254     0  
CD009135     0  4618482      0  
CD009135     0  6433537      1  
CD009135     0  20970152     1  
CD009135     0  8784604      0  
CD009135     0  11388508     1  
CD009135     0  1475815      0  
CD009135     0  1402024      0  
CD009135     0  23147155     1  
CD009135     0  8306504      0  
CD009135     0  23288063     0  
CD009135     0  10998226     0  
CD009135     0  24045639     0  
CD009135     0  382470       0  
CD009135     0  9840686      0  
CD009135     0  12373503     0  
CD009135     0  20459877     0  
CD009135     0  10497995     0  
CD009135     0  18804826     0  
CD009135     0  23072132     0  
CD009135     0  20689822     0  
CD009135     0  17539239     0  
CD009135     0  11168034     0  
CD009135     0  11398119     0  
CD009135     0  9713135      0  
CD009135     0  15750095     0  
CD009135     0  7516230      0  
CD009135     0  18545832     0  
CD009135     0  17160317     0  
CD009135     0  9749638      0  
CD009135     0  22949343     0  
CD009135     0  14190488     0  
CD009135     0  18262531     0  
CD009135     0  11226477     0  
CD009135     0  1281966      0  
CD009135     0  18642507     0  
CD009135     0  3373022      0  
CD009135     0  8249071      0  
CD009135     0  7664174      0  
CD009135     0  3198171      0  
CD009135     0  18813406     1  
CD009135     0  12581443     1  
CD009135     0  23064668     0  
CD009135     0  7896312      0  
CD009135     0  6394475      0  
CD009135     0  9714418      0  
CD009135     0  19464528     0  
CD009135     0  6373035      0  
CD009135     0  18774151     0  
CD009135     0  16517998     1  
CD009135     0  15860091     0  
CD009135     0  11825959     1  
CD009135     0  19097841     0  
CD009135     0  12188216     0  
CD009135     0  16172002     0  
CD009135     0  23279800     0  
CD009135     0  23272257     0  
CD009135     0  22088188     0  
CD009135     0  14678639     0  
CD009135     0  2635749      0  
CD009135     0  21489254     0  
CD009135     0  2035748      1  
CD009135     0  20971441     1  
CD009135     0  13394308     0  
CD009135     0  18160087     0  
CD009135     0  15262002     0  
CD009135     0  22920931     0  
CD009135     0  3768597      1  
CD009135     0  11278494     0  
CD009135     0  15125515     1  
CD009135     0  8105816      0  
CD009135     0  23657530     0  
CD009135     0  4215001      0  
CD009135     0  24048530     0  
CD009135     0  14689054     0  
CD009135     0  3538523      0  
CD009135     0  7886758      0  
CD009135     0  18592839     0  
CD009135     0  17176341     0  
CD009135     0  19070876     1  
CD009135     0  8144206      0  
CD009135     0  7992333      0  
CD009135     0  20030990     0  
CD009135     0  19452168     0  
CD009135     0  11880434     0  
CD009135     0  10995097     0  
CD009135     0  12862135     0  
CD009135     0  3101241      0  
CD009135     0  10715698     0  
CD009135     0  22198886     0  
CD009135     0  15817953     0  
CD009135     0  7814485      0  
CD009135     0  17518946     0  
CD009135     0  20695748     0  
CD009135     0  19052289     0  
CD009135     0  9071030      0  
CD009135     0  12804153     0  
CD009135     0  15517072     0  
CD009135     0  17521094     0  
CD009135     0  11444613     0  
CD009135     0  8560511      0  
CD009135     0  17488913     0  
CD009135     0  19561376     0  
CD009135     0  10674674     0  
CD009135     0  22869633     0  
CD009135     0  14629770     0  
CD009135     0  21931201     0  
CD009135     0  11506779     0  
CD009135     0  16487322     0  
CD009135     0  23159412     0  
CD009135     0  2532497      0  
CD009135     0  8587788      0  
CD009135     0  21220536     0  
CD009135     0  2617579      0  
CD009135     0  2742248      0  
CD009135     0  3328346      0  
CD009135     0  18786847     1  
CD009135     0  9488872      0  
CD009135     0  21074233     0  
CD009135     0  19635482     0  
CD009135     0  18367221     0  
CD009135     0  22144438     0  
CD009135     0  17935072     0  
CD009135     0  18177681     0  
CD009135     0  12475634     0  
CD009135     0  20054108     0  
CD009135     0  20054109     1  
CD009135     0  9580107      0  
CD009135     0  5537811      0  
CD009135     0  8513577      0  
CD009135     0  7528916      0  
CD009135     0  1581449      0  
CD009135     0  8063345      0  
CD009135     0  9288810      0  
CD009135     0  6374406      0  
CD009135     0  11951057     0  
CD009135     0  14112046     0  
CD009135     0  20591081     0  
CD009135     0  21414377     0  
CD009135     0  17942614     0  
CD009135     0  17620636     0  
CD009135     0  16325874     1  
CD009135     0  17265631     0  
CD009135     0  17882997     0  
CD009135     0  16778314     0  
CD009135     0  16778312     0  
CD009135     0  19346379     0  
CD009135     0  16778310     0  
CD009135     0  21353275     1  
CD009135     0  11370250     0  
CD009135     0  19346375     0  
CD009135     0  11491498     0  
CD009135     0  3445339      0  
CD009135     0  10708005     0  
CD009135     0  18318933     1  
CD009135     0  22764294     0  
CD009135     0  15225352     0  
CD009135     0  3611799      0  
CD009135     0  22518013     0  
CD009135     0  17942129     1  
CD009135     0  16209934     0  
CD009135     0  6817988      0  
CD009135     0  19257843     1  
CD009135     0  10516788     0  
CD009135     0  20542033     0  
CD009135     0  21991751     0  
CD009135     0  10498181     0  
CD009135     0  4480470      0  
CD009135     0  17426171     0  
CD009135     0  9729541      0  
CD009135     0  18512088     0  
CD009135     0  8594670      0  
CD009135     0  4978596      0  
CD009135     0  22765517     0  
CD009135     0  23836568     1  
CD009135     0  23276878     0  
CD009135     0  19515836     0  
CD009135     0  14704640     0  
CD009135     0  1701934      0  
CD009135     0  20487421     0  
CD009135     0  20487420     0  
CD009135     0  20487423     0  
CD009135     0  19172032     0  
CD009135     0  6549606      1  
CD009135     0  20487429     0  
CD009135     0  1644041      0  
CD009135     0  399802       0  
CD009135     0  15748082     0  
CD009135     0  15748081     0  
CD009135     0  19716797     0  
CD009135     0  9797830      0  
CD009135     0  17703152     0  
CD009135     0  22760038     0  
CD009135     0  15995268     0  
CD009135     0  12894039     0  
CD009135     0  23428104     0  
CD009135     0  19578629     0  
CD009135     0  19392902     0  
CD009135     0  23778671     0  
CD009135     0  17571750     0  
CD009135     0  15078273     0  
CD009135     0  8713505      0  
CD009135     0  15482407     0  
CD009135     0  19801786     0  
CD009135     0  3531227      0  
CD009135     0  11989530     0  
CD009135     0  3100620      0  
CD009135     0  22879460     0  
CD009135     0  11355552     0  
CD009135     0  15543418     0  
CD009135     0  16417715     0  
CD009135     0  21858243     0  
CD009135     0  21985818     0  
CD009135     0  8642576      0  
CD009135     0  12093674     0  
CD009135     0  16210478     0  
CD009135     0  1645929      0  
CD009135     0  1694627      0  
CD009135     0  17624385     1  
CD009135     0  12894040     1  
CD009135     0  17516404     0  
CD009135     0  9625028      0  
CD009135     0  18561868     0  
CD009135     0  16699647     0  
CD009135     0  10897360     0  
CD009135     0  7539596      0  
CD009135     0  515671       0  
CD009135     0  3929365      0  
CD009135     0  23464581     0  
CD009135     0  23164318     0  
CD009135     0  22389742     0  
CD009135     0  7709873      0  
CD009135     0  17037697     0  
CD009135     0  18458307     0  
CD009135     0  3115280      0  
CD009135     0  9037842      0  
CD009135     0  8394861      0  
CD009135     0  1512091      0  
CD009135     0  23375008     0  
CD009135     0  4213454      0  
CD009135     0  10492802     0  
CD009135     0  9611875      0  
CD009135     0  19237180     0  
CD009135     0  8713608      0  
CD009135     0  12204969     0  
CD009135     0  10618083     0  
CD009135     0  22724032     0  
CD009135     0  17023436     0  
CD009135     0  8713607      0  
CD009135     0  20810810     0  
CD009135     0  18385358     0  
CD009135     0  8592766      0  
CD009135     0  18184669     0  
CD009135     0  9251370      0  
CD009135     0  9949454      0  
CD009135     0  1890544      0  
CD009135     0  22492142     0  
CD009135     0  22492143     0  
CD009135     0  20890548     1  
CD009135     0  17639705     0  
CD009135     0  6636271      0  
CD009135     0  23469296     0  
CD009135     0  20856856     1  
CD009135     0  22348817     0  
CD009135     0  19141840     0  
CD009135     0  18603960     0  
CD009135     0  12427741     0  
CD009135     0  9097526      0  
CD009135     0  12643842     0  
CD009135     0  16048642     0  
CD009135     0  10203171     0  
CD009135     0  21159922     0  
CD009135     0  9302407      0  
CD009135     0  14600129     0  
CD009135     0  10492758     0  
CD009135     0  19852367     0  
CD009135     0  19478251     1  
CD009135     0  3343999      0  
CD009135     0  7512290      0  
CD009135     0  16407349     1  
CD009135     0  3680989      0  
CD009135     0  12039673     0  
CD009135     0  12659975     0  
CD009135     0  21218736     0  
CD009135     0  1575296      0  
CD009135     0  19445946     0  
CD009135     0  5126293      0  
CD009135     0  11280075     0  
CD009135     0  5789081      0  
CD009135     0  16198385     0  
CD009135     0  8627048      0  
CD009135     0  24286085     0  
CD009135     0  22427411     0  
CD009135     0  7741179      0  
CD009135     0  17300637     1  
CD009135     0  12625930     0  
CD009135     0  16226116     0  
CD009135     0  19841736     0  
CD009135     0  22203498     0  
CD009135     0  7644524      0  
CD009135     0  16398753     1  
CD009135     0  16398754     1  
CD009135     0  19491428     0  
CD009135     0  22897740     1  
CD009135     0  21980785     0  
CD009135     0  3147797      0  
CD009135     0  22495122     0  
CD009135     0  21710347     0  
CD009135     0  8421715      0  
CD009135     0  15713447     0  
CD009135     0  1518953      0  
CD009135     0  16117959     0  
CD009135     0  7438541      0  
CD009135     0  8940979      0  
CD009135     0  16339064     0  
CD009135     0  2700844      0  
CD009135     0  19635870     0  
CD009135     0  8313493      0  
CD009135     0  18611387     0  
CD009135     0  2626643      0  
CD009135     0  8944261      0  
CD009135     0  17038704     0  
CD009135     0  11075771     0  
CD009135     0  9105756      0  
CD009135     0  21190965     0  
CD009135     0  12537628     0  
CD009135     0  6353496      0  
CD009135     0  6623602      0  
CD009135     0  1303085      0  
CD009135     0  18165520     0  
CD009135     0  786188       0  
CD009135     0  17176343     0  
CD009135     0  9053013      0  
CD009135     0  15719773     1  
CD009135     0  19556562     0  
CD009135     0  8072969      0  
CD009135     0  1885738      0  
CD009135     0  23868744     0  
CD009135     0  1435540      0  
CD009135     0  2855321      0  
CD009135     0  4657671      0  
CD009135     0  12000658     0  
CD009135     0  23918217     0  
