CD009786     0  16396153     0  
CD009786     0  15200789     0  
CD009786     0  15200788     0  
CD009786     0  16169063     0  
CD009786     0  19264478     0  
CD009786     0  7729731      0  
CD009786     0  19761648     0  
CD009786     0  11462205     0  
CD009786     0  876539       0  
CD009786     0  16600779     0  
CD009786     0  12468342     0  
CD009786     0  1457508      0  
CD009786     0  21889231     0  
CD009786     0  10378217     0  
CD009786     0  4253589      0  
CD009786     0  17339150     0  
CD009786     0  20339953     0  
CD009786     0  19292804     0  
CD009786     0  1839457      0  
CD009786     0  18241545     0  
CD009786     0  8881063      0  
CD009786     0  12413936     0  
CD009786     0  12858105     0  
CD009786     0  17176869     0  
CD009786     0  9454432      0  
CD009786     0  18581767     0  
CD009786     0  16977608     0  
CD009786     0  15617715     0  
CD009786     0  8635009      0  
CD009786     0  22611958     0  
CD009786     0  6299563      0  
CD009786     0  12365221     0  
CD009786     0  11883277     0  
CD009786     0  15494657     0  
CD009786     0  22744800     0  
CD009786     0  2954861      0  
CD009786     0  5853882      0  
CD009786     0  16966069     0  
CD009786     0  20814383     0  
CD009786     0  7556836      0  
CD009786     0  19916886     0  
CD009786     0  10365364     0  
CD009786     0  9179805      0  
CD009786     0  9757751      0  
CD009786     0  18459557     0  
CD009786     0  1288782      0  
CD009786     0  4266262      0  
CD009786     0  23220563     0  
CD009786     0  20465557     0  
CD009786     0  22333227     0  
CD009786     0  15495639     0  
CD009786     0  18239927     0  
CD009786     0  12554262     0  
CD009786     0  22543911     0  
CD009786     0  12807238     0  
CD009786     0  10742897     0  
CD009786     0  8167873      0  
CD009786     0  16462852     0  
CD009786     0  19697223     0  
CD009786     0  21620559     0  
CD009786     0  22595711     0  
CD009786     0  15450261     0  
CD009786     0  15943988     0  
CD009786     0  15450265     0  
CD009786     0  8641503      0  
CD009786     0  8508878      0  
CD009786     0  19661748     0  
CD009786     0  19661747     0  
CD009786     0  22941352     0  
CD009786     0  8445418      0  
CD009786     0  6228294      0  
CD009786     0  11158183     0  
CD009786     0  10050401     0  
CD009786     0  16413810     0  
CD009786     0  22776228     0  
CD009786     0  8218501      0  
CD009786     0  20473276     0  
CD009786     0  11174478     0  
CD009786     0  21183177     0  
CD009786     0  19673427     0  
CD009786     0  9062161      0  
CD009786     0  21991871     0  
CD009786     0  15198792     0  
CD009786     0  138991       0  
CD009786     0  11025466     0  
CD009786     0  8177859      0  
CD009786     0  16736959     0  
CD009786     0  15508439     0  
CD009786     0  17068405     0  
CD009786     0  18843688     0  
CD009786     0  12618166     0  
CD009786     0  7254659      0  
CD009786     0  9779237      0  
CD009786     0  21224612     0  
CD009786     0  2948971      0  
CD009786     0  22964073     0  
CD009786     0  4265247      0  
CD009786     0  15032277     0  
CD009786     0  3658287      0  
CD009786     0  4128004      0  
CD009786     0  7578970      0  
CD009786     0  7578972      0  
CD009786     0  10853439     0  
CD009786     0  1162430      0  
CD009786     0  7658856      0  
CD009786     0  12893196     0  
CD009786     0  17627695     0  
CD009786     0  10818413     0  
CD009786     0  11063666     0  
CD009786     0  1535798      0  
CD009786     0  9598957      0  
CD009786     0  1533814      0  
CD009786     0  15009043     0  
CD009786     0  10071448     0  
CD009786     0  6210902      0  
CD009786     0  15603984     0  
CD009786     0  4281670      0  
CD009786     0  18284455     0  
CD009786     0  9647572      0  
CD009786     0  11491380     0  
CD009786     0  9932560      0  
CD009786     0  9880895      0  
CD009786     0  1699368      0  
CD009786     0  136606       0  
CD009786     0  7483637      0  
CD009786     0  10648751     0  
CD009786     0  7827157      0  
CD009786     0  22233724     0  
CD009786     0  9050665      0  
CD009786     0  9050664      0  
CD009786     0  20645700     0  
CD009786     0  15108578     0  
CD009786     0  8043553      0  
CD009786     0  20663487     0  
CD009786     0  16260204     0  
CD009786     0  17537302     0  
CD009786     0  19151992     0  
CD009786     0  17888431     0  
CD009786     0  22819008     0  
CD009786     0  21416918     0  
CD009786     0  10975556     0  
CD009786     0  23329192     0  
CD009786     0  19585444     0  
CD009786     0  10444006     0  
CD009786     0  19317257     0  
CD009786     0  8710141      0  
CD009786     0  9265052      0  
CD009786     0  2941921      0  
CD009786     0  7557611      0  
CD009786     0  21902980     0  
CD009786     0  7701484      0  
CD009786     0  18356093     0  
CD009786     0  20376495     0  
CD009786     0  20817576     0  
CD009786     0  17146744     0  
CD009786     0  8786211      0  
CD009786     0  4280108      0  
CD009786     0  8774657      0  
CD009786     0  6220938      0  
CD009786     0  20400071     0  
CD009786     0  8039002      0  
CD009786     0  18584410     0  
CD009786     0  22117832     0  
CD009786     0  16325244     1  
CD009786     0  15817239     0  
CD009786     0  17922452     0  
CD009786     0  21463889     0  
CD009786     0  23262520     0  
CD009786     0  16036204     0  
CD009786     0  6147640      0  
CD009786     0  11685875     0  
CD009786     0  6485624      0  
CD009786     0  16412760     0  
CD009786     0  4267304      0  
CD009786     0  21495250     0  
CD009786     0  6459037      0  
CD009786     0  15559350     0  
CD009786     0  3373267      0  
CD009786     0  18581775     0  
CD009786     0  2213099      0  
CD009786     0  21707553     0  
CD009786     0  18175521     0  
CD009786     0  17373668     0  
CD009786     0  7879398      0  
CD009786     0  1282408      0  
CD009786     0  12865596     0  
CD009786     0  22487546     0  
CD009786     0  19400422     0  
CD009786     0  22348496     0  
CD009786     0  7205797      0  
CD009786     0  3970088      0  
CD009786     0  16883449     0  
CD009786     0  22935307     0  
CD009786     0  16525973     0  
CD009786     0  2249208      0  
CD009786     0  19039599     0  
CD009786     0  20057285     0  
CD009786     0  11044509     0  
CD009786     0  19135233     0  
CD009786     0  20824864     0  
CD009786     0  686103       0  
CD009786     0  16515571     0  
CD009786     0  16515576     0  
CD009786     0  8549598      0  
CD009786     0  12343971     0  
CD009786     0  23155631     0  
CD009786     0  11569420     0  
CD009786     0  12404052     0  
CD009786     0  1306052      0  
CD009786     0  21614520     0  
CD009786     0  7982546      0  
CD009786     0  16043215     0  
CD009786     0  22200722     0  
CD009786     0  147845       0  
CD009786     0  22863971     0  
CD009786     0  9557831      0  
CD009786     0  22815844     0  
CD009786     0  16500357     0  
CD009786     0  11402752     0  
CD009786     0  22114111     0  
CD009786     0  16337997     0  
CD009786     0  12629933     0  
CD009786     0  7999719      0  
CD009786     0  7900396      0  
CD009786     0  2885289      0  
CD009786     0  16964696     0  
CD009786     0  15156385     0  
CD009786     0  11928042     0  
CD009786     0  21457974     0  
CD009786     0  10636056     0  
CD009786     0  22482992     0  
CD009786     0  21160172     0  
CD009786     0  20530950     0  
CD009786     0  12893213     0  
CD009786     0  20517826     0  
CD009786     0  12893216     0  
CD009786     0  20048559     0  
CD009786     0  15791705     0  
CD009786     0  138476       0  
CD009786     0  21699024     0  
CD009786     0  9889027      0  
CD009786     0  20221620     0  
CD009786     0  2950008      0  
CD009786     0  22880483     0  
CD009786     0  1003400      0  
CD009786     0  18922565     0  
CD009786     0  17101236     0  
CD009786     0  125338       0  
CD009786     0  20446446     0  
CD009786     0  1534495      0  
CD009786     0  22258988     0  
CD009786     0  2950002      0  
CD009786     0  19021468     0  
CD009786     0  10758805     0  
CD009786     0  8022735      0  
CD009786     0  12781415     0  
CD009786     0  17912181     0  
CD009786     0  8898169      0  
CD009786     0  21559924     0  
CD009786     0  21319522     0  
CD009786     0  8224260      0  
CD009786     0  10490356     0  
CD009786     0  4266943      0  
CD009786     0  1835468      0  
CD009786     0  7569156      0  
CD009786     0  21130426     0  
CD009786     0  2351178      0  
CD009786     0  9694480      0  
CD009786     0  10661040     0  
CD009786     0  17289310     0  
CD009786     0  8582587      0  
CD009786     0  20122863     0  
CD009786     0  137528       0  
CD009786     0  22818540     0  
CD009786     0  9190966      0  
CD009786     0  8582588      0  
CD009786     0  20409655     0  
CD009786     0  6003520      0  
CD009786     0  19317249     0  
CD009786     0  19361838     0  
CD009786     0  7821490      0  
CD009786     0  2953046      0  
CD009786     0  19261370     0  
CD009786     0  22123220     0  
CD009786     0  18840188     0  
CD009786     0  11535981     0  
CD009786     0  4017325      0  
CD009786     0  21495801     0  
CD009786     0  11406930     0  
CD009786     0  1831746      0  
CD009786     0  9060538      0  
CD009786     0  9386034      0  
CD009786     0  838260       0  
CD009786     0  17949797     0  
CD009786     0  18000169     0  
CD009786     0  10673635     0  
CD009786     0  16768053     0  
CD009786     0  21668318     0  
CD009786     0  20810465     0  
CD009786     0  1533584      0  
CD009786     0  2525650      0  
CD009786     0  14566702     0  
CD009786     0  7478032      0  
CD009786     0  8506762      0  
CD009786     0  10589406     0  
CD009786     0  19851210     0  
CD009786     0  16360202     0  
CD009786     0  22343231     0  
CD009786     0  9880699      0  
CD009786     0  22669303     0  
CD009786     0  22131044     0  
CD009786     0  20431278     0  
CD009786     0  23153077     0  
CD009786     0  9479720      0  
CD009786     0  10949380     0  
CD009786     0  22702068     0  
CD009786     0  20451983     0  
CD009786     0  1398256      0  
CD009786     0  19319552     0  
CD009786     0  7556856      0  
CD009786     0  7616797      0  
CD009786     0  8283415      0  
CD009786     0  1839015      0  
CD009786     0  16212662     0  
CD009786     0  20375795     0  
CD009786     0  21923991     0  
CD009786     0  2974514      0  
CD009786     0  2842092      0  
CD009786     0  18795308     0  
CD009786     0  16791447     1  
CD009786     0  9306114      0  
CD009786     0  19039644     0  
CD009786     0  20709583     0  
CD009786     0  15922972     0  
CD009786     0  10842911     0  
CD009786     0  7800323      0  
CD009786     0  17991355     0  
CD009786     0  12069748     0  
CD009786     0  12473577     0  
CD009786     0  20129344     0  
CD009786     0  9591032      0  
CD009786     0  10471145     0  
CD009786     0  16515565     1  
CD009786     0  456625       0  
CD009786     0  8235778      0  
CD009786     0  3177251      0  
CD009786     0  19999195     0  
CD009786     0  1387907      0  
CD009786     0  1387905      0  
CD009786     0  18796025     0  
CD009786     0  11526711     0  
CD009786     0  20108559     0  
CD009786     0  16562790     0  
CD009786     0  125397       0  
CD009786     0  20829343     0  
CD009786     0  16005945     0  
CD009786     0  8964451      0  
CD009786     0  9207813      0  
CD009786     0  8964452      0  
CD009786     0  17646728     0  
CD009786     0  8282239      0  
CD009786     0  8147211      0  
CD009786     0  8375700      0  
CD009786     0  11748999     0  
CD009786     0  1500022      0  
CD009786     0  7640058      0  
CD009786     0  9488571      0  
CD009786     0  18437497     0  
CD009786     0  15156378     0  
CD009786     0  15185603     0  
CD009786     0  15119657     0  
CD009786     0  8775250      0  
CD009786     0  15868492     0  
CD009786     0  20529532     0  
CD009786     0  21168196     0  
CD009786     0  11917373     0  
CD009786     0  11917371     0  
CD009786     0  7982547      0  
CD009786     0  11917377     0  
CD009786     0  12893209     0  
CD009786     0  11917378     0  
CD009786     0  14529674     0  
CD009786     0  18358268     0  
CD009786     0  11077633     0  
CD009786     0  3160189      0  
CD009786     0  9619287      0  
CD009786     0  11077634     0  
CD009786     0  12339215     0  
CD009786     0  2967467      0  
CD009786     0  19396012     0  
CD009786     0  132320       0  
CD009786     0  9273108      0  
CD009786     0  1386658      0  
CD009786     0  12903790     0  
CD009786     0  17464594     0  
CD009786     0  3688077      0  
CD009786     0  22032815     0  
CD009786     0  2138109      0  
CD009786     0  21656182     0  
CD009786     0  7889049      0  
CD009786     0  1829802      0  
CD009786     0  11816533     0  
CD009786     0  19525620     0  
CD009786     0  11499346     0  
CD009786     0  6454868      0  
CD009786     0  22669919     0  
CD009786     0  158917       0  
CD009786     0  19524715     0  
CD009786     0  9050740      0  
CD009786     0  12907095     0  
CD009786     0  10486460     0  
CD009786     0  18433977     0  
CD009786     0  7250403      0  
CD009786     0  17578369     0  
CD009786     0  9050641      0  
CD009786     0  20068327     0  
CD009786     0  13755321     0  
CD009786     0  10576183     0  
CD009786     0  12013109     0  
CD009786     0  20217130     0  
CD009786     0  16527713     0  
CD009786     0  19472731     0  
CD009786     0  15717442     0  
CD009786     0  12013106     0  
CD009786     0  15717440     0  
CD009786     0  10073126     0  
CD009786     0  10968359     0  
CD009786     0  14599858     0  
CD009786     0  22136884     0  
CD009786     0  21368476     0  
CD009786     0  6660923      0  
CD009786     0  19837620     0  
CD009786     0  22817767     0  
CD009786     0  6448404      0  
CD009786     0  21259415     0  
CD009786     0  7742518      0  
CD009786     0  8410840      0  
CD009786     0  1593762      0  
CD009786     0  17461295     0  
CD009786     0  19652848     0  
CD009786     0  6504419      0  
CD009786     0  9050487      0  
CD009786     0  11326944     0  
CD009786     0  2968942      0  
CD009786     0  6213162      0  
CD009786     0  6238850      0  
CD009786     0  16431324     0  
CD009786     0  19231556     0  
CD009786     0  21917305     0  
CD009786     0  11163832     0  
CD009786     0  3107721      0  
CD009786     0  6458589      0  
CD009786     0  20607264     0  
CD009786     0  8545329      0  
CD009786     0  20607263     0  
CD009786     0  21391829     0  
CD009786     0  22699468     0  
CD009786     0  10900592     0  
CD009786     0  21116640     0  
CD009786     0  10430190     0  
CD009786     0  2230887      0  
CD009786     0  18950959     0  
CD009786     0  2949998      0  
CD009786     0  7810245      0  
CD009786     0  20014550     0  
CD009786     0  8257050      0  
CD009786     0  16677594     0  
CD009786     0  19530497     0  
CD009786     0  11685927     0  
CD009786     0  1860672      0  
CD009786     0  11760544     0  
CD009786     0  17213968     0  
CD009786     0  14758880     0  
CD009786     0  9482623      0  
CD009786     0  16777110     0  
CD009786     0  16828849     0  
CD009786     0  16537005     0  
CD009786     0  12974083     0  
CD009786     0  2524933      0  
CD009786     0  15656219     0  
CD009786     0  2812640      0  
CD009786     0  17211677     0  
CD009786     0  1825976      0  
CD009786     0  15099934     0  
CD009786     0  2952542      1  
CD009786     0  21960341     0  
CD009786     0  16894298     0  
CD009786     0  20438312     0  
CD009786     0  8964446      0  
CD009786     0  1387913      0  
CD009786     0  9417617      0  
CD009786     0  22425142     0  
CD009786     0  12214460     0  
CD009786     0  2155140      0  
CD009786     0  15906901     0  
CD009786     0  19919915     0  
CD009786     0  11834867     0  
CD009786     0  11497293     0  
CD009786     0  10656952     0  
CD009786     0  11394427     0  
CD009786     0  20556585     0  
CD009786     0  9234937      0  
CD009786     0  9275581      0  
CD009786     0  12106750     0  
CD009786     0  18802903     0  
CD009786     0  11172118     0  
CD009786     0  23231836     0  
CD009786     0  8059620      0  
CD009786     0  20198556     0  
CD009786     0  22906344     0  
CD009786     0  11172117     0  
CD009786     0  2148569      0  
CD009786     0  12101341     0  
CD009786     0  17514402     0  
CD009786     0  16433164     0  
CD009786     0  9806584      0  
CD009786     0  8686410      0  
CD009786     0  10083939     0  
CD009786     0  1980666      0  
CD009786     0  18476952     0  
CD009786     0  19295011     0  
CD009786     0  136834       0  
CD009786     0  1980662      0  
CD009786     0  11094240     0  
CD009786     0  18353321     0  
CD009786     0  11925146     0  
CD009786     0  10427953     0  
CD009786     0  21566518     0  
CD009786     0  8302779      0  
CD009786     0  10390915     0  
CD009786     0  20728827     0  
CD009786     0  18708903     0  
CD009786     0  21695966     0  
CD009786     0  23288262     0  
CD009786     0  3305148      0  
CD009786     0  19899422     0  
CD009786     0  16769104     0  
CD009786     0  21180100     0  
CD009786     0  18622543     0  
CD009786     0  19481786     0  
CD009786     0  22791381     0  
CD009786     0  20932388     0  
CD009786     0  7980313      0  
CD009786     0  7980312      0  
CD009786     0  11082998     0  
CD009786     0  9050653      0  
CD009786     0  9050650      0  
CD009786     0  1606122      0  
CD009786     0  17161164     0  
CD009786     0  17524458     0  
CD009786     0  16498263     0  
CD009786     0  8841261      0  
CD009786     0  819125       0  
CD009786     0  15285316     0  
CD009786     0  18646677     0  
CD009786     0  8151182      0  
CD009786     0  2150746      0  
CD009786     0  18447057     0  
CD009786     0  21247567     0  
CD009786     0  9607269      0  
CD009786     0  158165       0  
CD009786     0  15285533     0  
CD009786     0  20373947     0  
CD009786     0  8656414      0  
CD009786     0  19568245     0  
CD009786     0  21948683     0  
CD009786     0  3157319      0  
CD009786     0  8596842      0  
CD009786     0  16185754     0  
CD009786     0  18493900     0  
CD009786     0  21777843     0  
CD009786     0  21545961     0  
CD009786     0  8815133      0  
CD009786     0  9822463      0  
CD009786     0  14629029     0  
CD009786     0  1479017      0  
CD009786     0  9050499      0  
CD009786     0  20392556     0  
CD009786     0  9846713      0  
CD009786     0  20715668     0  
CD009786     0  7443119      0  
CD009786     0  20708506     0  
CD009786     0  3156313      0  
CD009786     0  2962701      0  
CD009786     0  155218       0  
CD009786     0  12731160     0  
CD009786     0  22134015     0  
CD009786     0  2140995      0  
CD009786     0  20813621     0  
CD009786     0  21233249     0  
CD009786     0  2141643      0  
CD009786     0  2141642      0  
CD009786     0  2141641      0  
CD009786     0  10806907     0  
CD009786     0  20357728     0  
CD009786     0  15695978     0  
CD009786     0  9087286      0  
CD009786     0  1341510      0  
CD009786     0  4252494      0  
CD009786     0  15200767     0  
CD009786     0  9492110      0  
CD009786     0  23336154     0  
CD009786     0  23152180     0  
CD009786     0  7936509      0  
CD009786     0  18289650     0  
CD009786     0  17275077     0  
CD009786     0  8010483      0  
CD009786     0  6213157      0  
CD009786     0  6215248      0  
CD009786     0  150132       0  
CD009786     0  10726445     0  
CD009786     0  18971141     0  
CD009786     0  20079589     0  
CD009786     0  19591970     0  
CD009786     0  18971145     0  
CD009786     0  2722067      0  
CD009786     0  22838244     0  
CD009786     0  19570422     0  
CD009786     0  11091991     0  
CD009786     0  21741079     0  
CD009786     0  11158655     0  
CD009786     0  7808126      0  
CD009786     0  19188822     0  
CD009786     0  9417463      0  
CD009786     0  1836716      0  
CD009786     0  16956051     0  
CD009786     0  23153053     0  
CD009786     0  23318909     0  
CD009786     0  21632097     0  
CD009786     0  21966769     0  
CD009786     0  149005       0  
CD009786     0  4252822      0  
CD009786     0  12165898     0  
CD009786     0  9553817      0  
CD009786     0  15625766     0  
CD009786     0  4276313      0  
CD009786     0  18463044     0  
CD009786     0  10883021     0  
CD009786     0  10883022     0  
CD009786     0  10883025     0  
CD009786     0  18463043     0  
CD009786     0  16028379     0  
CD009786     0  2759325      0  
CD009786     0  17653564     0  
CD009786     0  3391198      0  
CD009786     0  141013       0  
CD009786     0  22613353     0  
CD009786     0  16473397     0  
CD009786     0  21411127     0  
CD009786     0  20688446     0  
CD009786     0  8248064      0  
CD009786     0  15020662     0  
CD009786     0  9454870      0  
CD009786     0  14529690     0  
CD009786     0  2972167      0  
CD009786     0  19343442     0  
CD009786     0  20638899     0  
CD009786     0  19657814     0  
CD009786     0  9306122      0  
CD009786     0  19690591     0  
CD009786     0  8005137      0  
CD009786     0  21194826     0  
CD009786     0  12756880     0  
CD009786     0  16842843     0  
CD009786     0  9206164      0  
CD009786     0  17615917     0  
CD009786     0  8126386      0  
CD009786     0  20531186     0  
CD009786     0  17337353     0  
CD009786     0  11081691     0  
CD009786     0  16957416     0  
CD009786     0  2944791      0  
CD009786     0  19181369     0  
CD009786     0  20003789     0  
CD009786     0  21872235     0  
CD009786     0  1430912      0  
CD009786     0  7640039      0  
CD009786     0  15297186     0  
CD009786     0  8118351      0  
CD009786     0  8118350      0  
CD009786     0  8118353      0  
CD009786     0  8118352      1  
CD009786     0  17368265     0  
CD009786     0  12782940     0  
CD009786     0  2974621      0  
CD009786     0  19341200     0  
CD009786     0  9262302      0  
CD009786     0  140535       0  
CD009786     0  9480574      0  
CD009786     0  18618475     0  
CD009786     0  10804675     0  
CD009786     0  8672943      0  
CD009786     0  19771439     0  
CD009786     0  1481968      0  
CD009786     0  10902229     0  
CD009786     0  4223429      0  
CD009786     0  11342738     0  
CD009786     0  7926236      0  
CD009786     0  6447404      0  
CD009786     0  11082987     0  
CD009786     0  18299381     0  
CD009786     0  17764453     0  
CD009786     0  17285387     0  
CD009786     0  7835810      0  
CD009786     0  7991849      0  
CD009786     0  131659       0  
CD009786     0  7951609      0  
CD009786     0  4271805      0  
CD009786     0  8458916      0  
CD009786     0  2532174      0  
CD009786     0  2532173      0  
CD009786     0  18722966     0  
CD009786     0  15285320     0  
CD009786     0  22353442     0  
CD009786     0  11458938     0  
CD009786     0  21298536     0  
CD009786     0  16802080     0  
CD009786     0  17786826     0  
CD009786     0  19481243     0  
CD009786     0  19481241     0  
CD009786     0  2513964      0  
CD009786     0  23370655     0  
CD009786     0  8900602      0  
CD009786     0  9050536      0  
CD009786     0  2978104      0  
CD009786     0  22086443     0  
CD009786     0  14567805     0  
CD009786     0  8204944      0  
CD009786     0  22193712     0  
CD009786     0  6215265      0  
CD009786     0  7951595      0  
CD009786     0  21996462     0  
CD009786     0  21921381     0  
CD009786     0  20430667     0  
CD009786     0  7067844      0  
CD009786     0  10730141     0  
CD009786     0  8513635      0  
CD009786     0  8513634      0  
CD009786     0  19539202     0  
CD009786     0  9716771      0  
CD009786     0  17602847     0  
CD009786     0  11591271     0  
CD009786     0  11213011     0  
CD009786     0  16951393     0  
CD009786     0  18555237     0  
CD009786     0  8018126      0  
CD009786     0  125057       0  
CD009786     0  14616261     0  
CD009786     0  3457709      0  
CD009786     0  16598473     0  
CD009786     0  16184921     0  
CD009786     0  22176995     0  
CD009786     0  8422646      0  
CD009786     0  19299121     0  
CD009786     0  7605086      0  
CD009786     0  22134021     0  
CD009786     0  8329645      0  
CD009786     0  8316556      0  
CD009786     0  8306249      0  
CD009786     0  8579388      0  
CD009786     0  15090333     0  
CD009786     0  8875037      0  
CD009786     0  2525510      0  
CD009786     0  14513369     0  
CD009786     0  15462594     0  
CD009786     0  7380237      0  
CD009786     0  21791318     0  
CD009786     0  11930686     0  
CD009786     0  14965479     0  
CD009786     0  7593516      0  
CD009786     0  17977174     0  
CD009786     0  17977178     0  
CD009786     0  18971136     0  
CD009786     0  18971132     0  
CD009786     0  9394652      0  
CD009786     0  4274570      0  
CD009786     0  19035140     0  
CD009786     0  1833045      0  
CD009786     0  10519434     0  
CD009786     0  17267138     0  
CD009786     0  23157324     0  
CD009786     0  9264732      0  
CD009786     0  17362319     0  
CD009786     0  12798483     0  
CD009786     0  21571247     0  
CD009786     0  9082236      0  
CD009786     0  21424549     0  
CD009786     0  20739009     0  
CD009786     0  4267129      0  
CD009786     0  16445616     0  
CD009786     0  20438667     0  
CD009786     0  10410886     0  
CD009786     0  19496369     0  
CD009786     0  19289327     0  
CD009786     0  2531521      0  
CD009786     0  21273344     0  
CD009786     0  1342433      0  
CD009786     0  20417433     0  
CD009786     0  19745797     0  
CD009786     0  20943259     0  
CD009786     0  20386444     0  
CD009786     0  8924000      0  
CD009786     0  8924007      0  
CD009786     0  9410389      0  
CD009786     0  19715487     0  
CD009786     0  22987258     0  
CD009786     0  9156710      0  
CD009786     0  21155918     0  
CD009786     0  8030726      0  
CD009786     0  6239068      0  
CD009786     0  12197548     0  
CD009786     0  2045855      0  
CD009786     0  19327764     0  
CD009786     0  2143914      0  
CD009786     0  20446246     0  
CD009786     0  23305931     0  
CD009786     0  2070851      0  
CD009786     0  8775267      0  
CD009786     0  14644836     0  
CD009786     0  22512967     0  
CD009786     0  19321390     0  
CD009786     0  10475120     0  
CD009786     0  22647749     0  
CD009786     0  9570995      0  
CD009786     0  16673251     0  
CD009786     0  18439519     0  
CD009786     0  10541371     0  
CD009786     0  9408314      0  
CD009786     0  12920345     0  
CD009786     0  7454182      0  
CD009786     0  3576712      0  
CD009786     0  19525616     0  
CD009786     0  8397149      0  
CD009786     0  3599995      0  
CD009786     0  15297177     0  
CD009786     0  17000446     0  
CD009786     0  22264278     0  
CD009786     0  17368256     0  
CD009786     0  8089599      0  
CD009786     0  19670032     0  
CD009786     0  22932780     0  
CD009786     0  9880875      0  
CD009786     0  875871       0  
CD009786     0  17628919     0  
CD009786     0  129772       0  
CD009786     0  1532991      0  
CD009786     0  8296831      0  
CD009786     0  17848331     0  
CD009786     0  16123189     0  
CD009786     0  11730763     0  
CD009786     0  2717739      0  
CD009786     0  11136568     0  
CD009786     0  14751178     0  
CD009786     0  11136562     0  
CD009786     0  7557223      0  
CD009786     0  7835808      0  
CD009786     0  2533142      0  
CD009786     0  19370607     0  
CD009786     0  9050633      0  
CD009786     0  8886692      0  
CD009786     0  17666596     0  
CD009786     0  9138874      0  
CD009786     0  2740713      0  
CD009786     0  16735822     0  
CD009786     0  22854062     0  
CD009786     0  17050549     0  
CD009786     0  4279554      0  
CD009786     0  19115697     0  
CD009786     0  18394621     0  
CD009786     0  552767       0  
CD009786     0  9885355      0  
CD009786     0  1828651      0  
CD009786     0  1210862      0  
CD009786     0  6215076      0  
CD009786     0  19184073     0  
CD009786     0  10194122     0  
CD009786     0  10469692     0  
CD009786     0  22063459     0  
CD009786     0  16247574     0  
CD009786     0  10646238     0  
CD009786     0  19761137     0  
CD009786     0  8059816      0  
CD009786     0  19761131     0  
CD009786     0  6238039      0  
CD009786     0  22522189     0  
CD009786     0  17948753     0  
CD009786     0  21870731     0  
CD009786     0  1388069      0  
CD009786     0  22325661     0  
CD009786     0  8187587      0  
CD009786     0  155549       0  
CD009786     0  1533025      0  
CD009786     0  2686339      0  
CD009786     0  2525501      0  
CD009786     0  16803474     0  
CD009786     0  150794       0  
CD009786     0  10785469     0  
CD009786     0  16515632     0  
CD009786     0  16216320     0  
CD009786     0  2149253      0  
CD009786     0  12816688     0  
CD009786     0  11857512     0  
CD009786     0  8821245      0  
CD009786     0  8821246      0  
CD009786     0  3161735      0  
CD009786     0  10459063     0  
CD009786     0  18227769     0  
CD009786     0  8118345      0  
CD009786     0  10527327     0  
CD009786     0  3111618      0  
CD009786     0  8747403      0  
CD009786     0  12292544     0  
CD009786     0  10224804     0  
CD009786     0  10870321     0  
CD009786     0  6469089      0  
CD009786     0  9232059      0  
CD009786     0  23025112     0  
CD009786     0  22053663     0  
CD009786     0  10726339     0  
CD009786     0  4256057      0  
CD009786     0  6210557      0  
CD009786     0  21666466     0  
CD009786     0  21213506     0  
CD009786     0  21633305     0  
CD009786     0  11838308     0  
CD009786     0  18207461     0  
CD009786     0  17276434     0  
CD009786     0  2914280      0  
CD009786     0  20527239     0  
CD009786     0  7904954      0  
CD009786     0  12969585     0  
CD009786     0  18666467     0  
CD009786     0  9175688      0  
CD009786     0  9586709      0  
CD009786     0  22212317     0  
CD009786     0  19722150     0  
CD009786     0  20226400     0  
CD009786     0  22889349     0  
CD009786     0  21966778     0  
CD009786     0  7730461      0  
CD009786     0  9197457      0  
CD009786     0  11084462     0  
CD009786     0  6448548      0  
CD009786     0  19784697     0  
CD009786     0  14662231     0  
CD009786     0  8542730      0  
CD009786     0  2423378      0  
CD009786     0  8849961      0  
CD009786     0  21797127     0  
CD009786     0  22906334     0  
CD009786     0  18236062     0  
CD009786     0  1311965      0  
CD009786     0  1305144      0  
CD009786     0  20059326     0  
CD009786     0  11446479     0  
CD009786     0  21803662     0  
CD009786     0  18614547     0  
CD009786     0  11446470     0  
CD009786     0  22560042     0  
CD009786     0  21054763     0  
CD009786     0  12051886     0  
CD009786     0  15516851     0  
CD009786     0  17217498     0  
CD009786     0  10789230     0  
CD009786     0  4245673      0  
CD009786     0  8462826      0  
CD009786     0  10053115     0  
CD009786     0  8736725      0  
CD009786     0  4277257      0  
CD009786     0  17713096     0  
CD009786     0  18179144     0  
CD009786     0  17713090     0  
CD009786     0  8641614      0  
CD009786     0  17159812     0  
CD009786     0  9757217      0  
CD009786     0  5121080      0  
CD009786     0  21266814     0  
CD009786     0  4014339      0  
CD009786     0  16544721     0  
CD009786     0  11155944     0  
CD009786     0  8735736      0  
CD009786     0  21158324     0  
CD009786     0  1491135      0  
CD009786     0  8372885      0  
CD009786     0  9164207      0  
CD009786     0  9633844      0  
CD009786     0  20143997     0  
CD009786     0  11382955     0  
CD009786     0  12691323     0  
CD009786     0  17848329     0  
CD009786     0  9091337      0  
CD009786     0  8808559      0  
CD009786     0  17848322     0  
CD009786     0  11127118     0  
CD009786     0  18501324     0  
CD009786     0  7547764      0  
CD009786     0  9988872      0  
CD009786     0  10150038     0  
CD009786     0  20392142     0  
CD009786     0  10150031     0  
CD009786     0  15775686     0  
CD009786     0  142242       0  
CD009786     0  20226130     0  
CD009786     0  9076424      0  
CD009786     0  2941187      0  
CD009786     0  15064540     0  
CD009786     0  11420840     0  
CD009786     0  8015768      0  
CD009786     0  15589609     0  
CD009786     0  1511124      0  
CD009786     0  1835564      0  
CD009786     0  19082308     0  
CD009786     0  18504696     0  
CD009786     0  161766       0  
CD009786     0  8476839      0  
CD009786     0  6454354      0  
CD009786     0  9103387      0  
CD009786     0  9816664      0  
CD009786     0  22424356     0  
CD009786     0  9050730      0  
CD009786     0  10739542     0  
CD009786     0  8406189      0  
CD009786     0  9007148      0  
CD009786     0  19660216     0  
CD009786     0  1838758      0  
CD009786     0  17188545     0  
CD009786     0  15663234     0  
CD009786     0  11548835     0  
CD009786     0  16054202     0  
CD009786     0  8102278      0  
CD009786     0  9632965      0  
CD009786     0  18003624     0  
CD009786     0  9050603      0  
CD009786     0  8318336      0  
CD009786     0  7824738      0  
CD009786     0  10532187     0  
CD009786     0  10150037     0  
CD009786     0  15073853     0  
CD009786     0  22455740     0  
CD009786     0  10620437     0  
CD009786     0  20149044     0  
CD009786     0  7437381      0  
CD009786     0  4267636      0  
CD009786     0  8763123      0  
CD009786     0  11319502     0  
CD009786     0  21806569     0  
CD009786     0  17169178     0  
CD009786     0  10908768     0  
CD009786     0  12189478     0  
CD009786     0  10924632     0  
CD009786     0  11517866     0  
CD009786     0  21880280     0  
CD009786     0  16962536     0  
CD009786     0  1746200      0  
CD009786     0  10063270     0  
CD009786     0  11603247     0  
CD009786     0  16677839     0  
CD009786     0  6448405      0  
CD009786     0  10459057     0  
CD009786     0  10534930     0  
CD009786     0  20931212     0  
CD009786     0  8992817      0  
CD009786     0  4256596      0  
CD009786     0  18326907     0  
CD009786     0  9263716      0  
CD009786     0  8775247      0  
CD009786     0  8851090      0  
CD009786     0  2277165      0  
CD009786     0  20637459     0  
CD009786     0  19846211     0  
CD009786     0  15721444     0  
CD009786     0  9303790      0  
CD009786     0  8855097      0  
CD009786     0  15072738     0  
CD009786     0  18018361     0  
CD009786     0  9732222      0  
CD009786     0  9776605      0  
CD009786     0  2947247      0  
CD009786     0  16445631     0  
CD009786     0  11727148     0  
CD009786     0  14574170     0  
CD009786     0  21912057     0  
CD009786     0  18793773     0  
CD009786     0  2943896      0  
CD009786     0  140241       0  
CD009786     0  9521412      0  
CD009786     0  10897870     0  
CD009786     0  22283565     0  
CD009786     0  10192494     0  
CD009786     0  6225918      0  
CD009786     0  20226417     0  
CD009786     0  20226415     0  
CD009786     0  21413836     0  
CD009786     0  12854858     0  
CD009786     0  11098043     0  
CD009786     0  16866799     0  
CD009786     0  22859813     0  
CD009786     0  19500391     1  
CD009786     0  8974900      0  
CD009786     0  9454393      0  
CD009786     0  19012702     0  
CD009786     0  12214731     0  
CD009786     0  2375222      0  
CD009786     0  12214736     0  
CD009786     0  18539090     0  
CD009786     0  11287988     0  
CD009786     0  6232990      0  
CD009786     0  17991106     0  
CD009786     0  10733031     0  
CD009786     0  7496181      0  
CD009786     0  17267889     0  
CD009786     0  6617038      0  
CD009786     0  12969590     0  
CD009786     0  17009994     0  
CD009786     0  21199739     0  
CD009786     0  18660682     0  
CD009786     0  18706207     0  
CD009786     0  20724944     0  
CD009786     0  17150248     0  
CD009786     0  3342910      0  
CD009786     0  7534970      0  
CD009786     0  22030041     0  
CD009786     0  12732763     0  
CD009786     0  22030044     0  
CD009786     0  17532369     0  
CD009786     0  16337577     0  
CD009786     0  12574929     0  
CD009786     0  8653926      0  
CD009786     0  21841489     0  
CD009786     0  294768       0  
CD009786     0  15611955     0  
CD009786     0  16455505     0  
CD009786     0  8428695      0  
CD009786     0  1878513      0  
CD009786     0  8759186      0  
CD009786     0  11744902     0  
CD009786     0  18651883     0  
CD009786     0  15790480     0  
CD009786     0  6396538      0  
CD009786     0  9800677      0  
CD009786     0  15589610     0  
CD009786     0  7557204      0  
CD009786     0  7557201      0  
CD009786     0  21751454     0  
CD009786     0  179919       0  
CD009786     0  9133147      0  
CD009786     0  1541366      0  
CD009786     0  9600814      0  
CD009786     0  15953871     0  
CD009786     0  16794421     0  
CD009786     0  7794638      0  
CD009786     0  21270608     0  
CD009786     0  12196887     0  
CD009786     0  23090572     0  
CD009786     0  7485751      0  
CD009786     0  1532155      0  
CD009786     0  218874       0  
CD009786     0  21499894     0  
CD009786     0  22652482     0  
CD009786     0  20627241     0  
CD009786     0  8498956      0  
CD009786     0  22682753     0  
CD009786     0  10513079     0  
CD009786     0  17617522     0  
CD009786     0  17617524     0  
CD009786     0  17706482     0  
CD009786     0  9156868      0  
CD009786     0  10477869     0  
CD009786     0  4259875      0  
CD009786     0  23268049     0  
CD009786     0  17966217     0  
CD009786     0  9440109      0  
CD009786     0  6445047      0  
CD009786     0  15752668     0  
CD009786     0  16949028     0  
CD009786     0  12917064     0  
CD009786     0  2237158      0  
CD009786     0  6450444      0  
CD009786     0  9850661      0  
CD009786     0  19232293     0  
CD009786     0  8272811      0  
CD009786     0  9019435      0  
CD009786     0  2680788      0  
CD009786     0  2145780      0  
CD009786     0  9222473      0  
CD009786     0  9782137      0  
CD009786     0  1325052      0  
CD009786     0  15932823     0  
CD009786     0  21111664     0  
CD009786     0  16893544     0  
CD009786     0  10509307     0  
CD009786     0  17966785     0  
CD009786     0  19122954     0  
CD009786     0  4097480      0  
CD009786     0  16515615     0  
CD009786     0  9859535      0  
CD009786     0  9070692      0  
CD009786     0  9463084      0  
CD009786     0  131373       0  
CD009786     0  1829343      0  
CD009786     0  3161807      0  
CD009786     0  19955907     0  
CD009786     0  10952124     0  
CD009786     0  20882872     0  
CD009786     0  161215       0  
CD009786     0  15880570     0  
CD009786     0  6212328      0  
CD009786     0  7805478      0  
CD009786     0  8351061      0  
CD009786     0  20629199     0  
CD009786     0  161980       0  
CD009786     0  161983       0  
CD009786     0  7882629      0  
CD009786     0  20882893     0  
CD009786     0  18004572     0  
CD009786     0  19263064     0  
CD009786     0  17005244     0  
CD009786     0  20975495     0  
CD009786     0  20975493     0  
CD009786     0  22750920     0  
CD009786     0  17290330     0  
CD009786     0  8458520      0  
CD009786     0  11338132     0  
CD009786     0  155561       0  
CD009786     0  15711416     0  
CD009786     0  22425355     0  
CD009786     0  11828663     0  
CD009786     0  20620297     0  
CD009786     0  9499545      0  
CD009786     0  15841027     0  
CD009786     0  11594544     0  
CD009786     0  16525789     0  
CD009786     0  15104843     0  
CD009786     0  2935036      0  
CD009786     0  8323922      0  
CD009786     0  1839658      0  
CD009786     0  17633068     0  
CD009786     0  12807227     0  
CD009786     0  9118426      0  
CD009786     0  19697626     0  
CD009786     0  1291571      0  
CD009786     0  21793996     0  
CD009786     0  9876656      0  
CD009786     0  12214726     0  
CD009786     0  17484640     0  
CD009786     0  6631839      0  
CD009786     0  11918456     0  
CD009786     0  634015       0  
CD009786     0  19366536     0  
CD009786     0  17630162     0  
CD009786     0  6439408      0  
CD009786     0  12519038     0  
CD009786     0  21543929     0  
CD009786     0  12153670     0  
CD009786     0  10548708     0  
CD009786     0  7660384      0  
CD009786     0  9240592      0  
CD009786     0  19115701     0  
CD009786     0  16398230     0  
CD009786     0  15754994     0  
CD009786     0  12959184     0  
CD009786     0  9822519      0  
CD009786     0  7822711      0  
CD009786     0  6773656      0  
CD009786     0  9989103      0  
CD009786     0  21194736     0  
CD009786     0  22031252     0  
CD009786     0  6237194      0  
CD009786     0  10150016     0  
CD009786     0  5770584      0  
CD009786     0  160100       0  
CD009786     0  16550963     0  
CD009786     0  9773541      0  
CD009786     0  20873867     0  
CD009786     0  17354223     0  
CD009786     0  20801440     0  
CD009786     0  8841216      0  
CD009786     0  22322155     0  
CD009786     0  7855346      0  
CD009786     0  1831082      0  
CD009786     0  8654650      0  
CD009786     0  1831080      0  
CD009786     0  15350350     0  
CD009786     0  101843       0  
CD009786     0  11553899     0  
CD009786     0  15493180     0  
CD009786     0  19215557     0  
CD009786     0  14515055     0  
CD009786     0  8634989      0  
CD009786     0  156941       0  
CD009786     0  11056130     0  
CD009786     0  12109222     0  
CD009786     0  21362294     0  
CD009786     0  11977327     0  
CD009786     0  15673006     0  
CD009786     0  9050572      0  
CD009786     0  16915373     0  
CD009786     0  17762575     0  
CD009786     0  20817462     0  
CD009786     0  15061292     0  
CD009786     0  19184048     0  
CD009786     0  19576813     0  
CD009786     0  15839617     0  
CD009786     0  16167493     0  
CD009786     0  6450907      0  
CD009786     0  17352116     0  
CD009786     0  9800114      0  
CD009786     0  17486474     0  
CD009786     0  21450415     0  
CD009786     0  15854461     0  
CD009786     0  6237936      0  
CD009786     0  22572861     0  
CD009786     0  17673140     0  
CD009786     0  16616744     0  
CD009786     0  15790473     0  
CD009786     0  7846978      0  
CD009786     0  18973882     0  
CD009786     0  22371368     0  
CD009786     0  21941968     0  
CD009786     0  8886883      0  
CD009786     0  19490787     0  
CD009786     0  1752488      0  
CD009786     0  3338663      0  
CD009786     0  19955918     0  
CD009786     0  11169353     0  
CD009786     0  10459033     0  
CD009786     0  11802556     0  
CD009786     0  18602055     0  
CD009786     0  20573679     0  
CD009786     0  8015759      0  
CD009786     0  14738647     0  
CD009786     0  20444337     0  
CD009786     0  22548292     0  
CD009786     0  18763296     0  
CD009786     0  15630884     0  
CD009786     0  6908877      0  
CD009786     0  12755523     0  
CD009786     0  7554603      0  
CD009786     0  7554604      0  
CD009786     0  21195970     0  
CD009786     0  2145354      0  
CD009786     0  12865867     0  
CD009786     0  16787549     0  
CD009786     0  10584186     0  
CD009786     0  16316768     0  
CD009786     0  312692       0  
CD009786     0  6215598      0  
CD009786     0  22105256     0  
CD009786     0  18258232     0  
CD009786     0  12288783     0  
CD009786     0  6227990      0  
CD009786     0  2934291      0  
CD009786     0  19287986     0  
CD009786     0  19013745     0  
CD009786     0  141518       0  
CD009786     0  1825866      0  
CD009786     0  9784314      0  
CD009786     0  141514       0  
CD009786     0  9194283      0  
CD009786     0  21272147     0  
CD009786     0  8829058      0  
CD009786     0  18805654     0  
CD009786     0  1427408      0  
CD009786     0  15573848     0  
CD009786     0  23159202     0  
CD009786     0  9536216      0  
CD009786     0  23141164     0  
CD009786     0  8038406      0  
CD009786     0  7644634      0  
CD009786     0  9026174      0  
CD009786     0  8005149      0  
CD009786     0  11526783     0  
CD009786     0  7800309      0  
CD009786     0  17761984     0  
CD009786     0  2950272      0  
CD009786     0  19125000     0  
CD009786     0  16615133     0  
CD009786     0  10366464     0  
CD009786     0  4269674      0  
CD009786     0  9308803      0  
CD009786     0  11843398     0  
CD009786     0  10227005     0  
CD009786     0  19967244     0  
CD009786     0  9570973      0  
CD009786     0  1836590      0  
CD009786     0  138367       0  
CD009786     0  18275579     0  
CD009786     0  12722472     0  
CD009786     0  15922981     0  
CD009786     0  16927923     0  
CD009786     0  16900710     0  
CD009786     0  15589583     0  
CD009786     0  22764562     0  
CD009786     0  15343246     0  
CD009786     0  8455217      0  
CD009786     0  8164928      0  
CD009786     0  20932362     1  
CD009786     0  8835491      0  
CD009786     0  18078193     0  
CD009786     0  20569103     0  
CD009786     0  11342741     0  
CD009786     0  20812220     0  
CD009786     0  12057051     0  
CD009786     0  12775541     0  
CD009786     0  20059391     0  
CD009786     0  17502200     0  
CD009786     0  2942815      0  
CD009786     0  15192974     0  
CD009786     0  7746172      0  
CD009786     0  22020676     0  
CD009786     0  17467272     0  
CD009786     0  2942812      0  
CD009786     0  21269611     0  
CD009786     0  8730628      0  
CD009786     0  17401568     0  
CD009786     0  20181551     0  
CD009786     0  8571460      0  
CD009786     0  10548713     0  
CD009786     0  21902936     0  
CD009786     0  16050570     0  
CD009786     0  2971904      0  
CD009786     0  3979574      0  
CD009786     0  16343732     0  
CD009786     0  21633306     0  
CD009786     0  22356011     0  
CD009786     0  21465605     0  
CD009786     0  4044628      0  
CD009786     0  9336750      0  
CD009786     0  7922758      0  
CD009786     0  18510047     0  
CD009786     0  21614927     0  
CD009786     0  15211408     0  
CD009786     0  146988       0  
CD009786     0  23440802     0  
CD009786     0  2964760      0  
CD009786     0  18819455     0  
CD009786     0  17478373     0  
CD009786     0  8906667      0  
CD009786     0  16034946     0  
CD009786     0  15721418     1  
CD009786     0  8343261      0  
CD009786     0  17175475     0  
CD009786     0  1388132      0  
CD009786     0  18336393     0  
CD009786     0  22827612     0  
CD009786     0  10857214     0  
CD009786     0  21138693     0  
CD009786     0  14506771     0  
CD009786     0  19161612     0  
CD009786     0  16341120     0  
CD009786     0  15498186     0  
CD009786     0  11279390     0  
CD009786     0  14526159     0  
CD009786     0  9348369      0  
CD009786     0  17932999     0  
CD009786     0  15790442     0  
CD009786     0  11591422     0  
CD009786     0  9233893      0  
CD009786     0  21941970     0  
CD009786     0  23224440     0  
CD009786     0  21941978     0  
CD009786     0  19589703     0  
CD009786     0  16647380     0  
CD009786     0  2948369      0  
CD009786     0  15661208     0  
CD009786     0  19589709     0  
CD009786     0  15170428     0  
CD009786     0  10779815     0  
CD009786     0  18273629     0  
CD009786     0  15033667     0  
CD009786     0  17688638     0  
CD009786     0  19835804     0  
CD009786     0  17006424     0  
CD009786     0  17006426     0  
CD009786     0  6385256      0  
CD009786     0  8714064      0  
CD009786     0  18274181     0  
CD009786     0  7735015      0  
CD009786     0  10806272     0  
CD009786     0  14581875     0  
CD009786     0  9420927      0  
CD009786     0  15695311     0  
CD009786     0  17166570     0  
CD009786     0  7778428      0  
CD009786     0  10843464     0  
CD009786     0  9774878      0  
CD009786     0  11173751     0  
CD009786     0  10674598     0  
CD009786     0  14674134     0  
CD009786     0  22469706     0  
CD009786     0  15516439     0  
CD009786     0  9050490      0  
CD009786     0  22199317     0  
CD009786     0  15047234     0  
CD009786     0  15047236     0  
CD009786     0  12355638     0  
CD009786     0  1955662      0  
CD009786     0  19363709     0  
CD009786     0  21054125     0  
CD009786     0  16047952     0  
CD009786     0  19892330     0  
CD009786     0  20500106     0  
CD009786     0  2944387      0  
CD009786     0  12152291     0  
CD009786     0  11976573     0  
CD009786     0  18156118     0  
CD009786     0  10725957     0  
CD009786     0  5581304      0  
CD009786     0  9478301      0  
CD009786     0  12457141     0  
CD009786     0  12457142     0  
CD009786     0  7473436      0  
CD009786     0  19200955     0  
CD009786     0  22318068     0  
CD009786     0  10363412     0  
CD009786     0  20580151     0  
CD009786     0  22070471     0  
CD009786     0  22091751     0  
CD009786     0  12217767     0  
CD009786     0  19254579     0  
CD009786     0  10684714     0  
CD009786     0  12903553     0  
CD009786     0  2527175      0  
CD009786     0  22643497     0  
CD009786     0  21985734     0  
CD009786     0  9919347      0  
CD009786     0  15742862     0  
CD009786     0  22873112     0  
CD009786     0  1535114      0  
CD009786     0  19998220     0  
CD009786     0  11526777     0  
CD009786     0  1833691      0  
CD009786     0  10810438     0  
CD009786     0  22270278     0  
CD009786     0  18672622     0  
CD009786     0  9514797      0  
CD009786     0  12722400     0  
CD009786     0  1830559      0  
CD009786     0  8023610      0  
CD009786     0  6587710      0  
CD009786     0  9600813      0  
CD009786     0  11413522     0  
CD009786     0  8455221      0  
CD009786     0  19399101     0  
CD009786     0  20922399     0  
CD009786     0  6216811      0  
CD009786     0  1835805      0  
CD009786     0  21944035     0  
CD009786     0  10422684     0  
CD009786     0  10462958     0  
CD009786     0  8991834      0  
CD009786     0  10462955     0  
CD009786     0  10462957     0  
CD009786     0  125342       0  
CD009786     0  11845360     0  
CD009786     0  1835528      0  
CD009786     0  8587744      0  
CD009786     0  14619656     0  
CD009786     0  22322957     0  
CD009786     0  10548709     0  
CD009786     0  22729094     0  
CD009786     0  3329956      0  
CD009786     0  19345350     0  
CD009786     0  16163598     0  
CD009786     0  11311766     0  
CD009786     0  8961701      0  
CD009786     0  1530989      0  
CD009786     0  15259587     0  
CD009786     0  22367321     0  
CD009786     0  22367320     0  
CD009786     0  22367325     0  
CD009786     0  6453013      0  
CD009786     0  18613274     0  
CD009786     0  9887245      1  
CD009786     0  16580399     0  
CD009786     0  21614917     0  
CD009786     0  21614915     0  
CD009786     0  5628972      0  
CD009786     0  7555942      0  
CD009786     0  22381975     0  
CD009786     0  9138957      0  
CD009786     0  18504700     0  
CD009786     0  1473747      0  
CD009786     0  15927503     0  
CD009786     0  15619309     0  
CD009786     0  4376998      0  
CD009786     0  14675692     0  
CD009786     0  4361608      0  
CD009786     0  8280577      0  
CD009786     0  10150435     0  
CD009786     0  8258730      0  
CD009786     0  19090447     0  
CD009786     0  16490239     0  
CD009786     0  16502175     0  
CD009786     0  17306593     0  
CD009786     0  11509794     0  
CD009786     0  19423055     0  
CD009786     0  19249713     0  
CD009786     0  19249712     0  
CD009786     0  23312256     0  
CD009786     0  8178893      0  
CD009786     0  23312253     0  
CD009786     0  15661233     0  
CD009786     0  15755020     0  
CD009786     0  10600294     0  
CD009786     0  6451819      0  
CD009786     0  9840559      0  
CD009786     0  7988849      0  
CD009786     0  11147056     0  
CD009786     0  20666969     0  
CD009786     0  7867272      0  
CD009786     0  148161       0  
CD009786     0  10806265     0  
CD009786     0  9564065      0  
CD009786     0  8703147      0  
CD009786     0  8605142      0  
CD009786     0  8579212      0  
CD009786     0  17230294     0  
CD009786     0  9224588      0  
CD009786     0  1839884      0  
CD009786     0  11277654     0  
CD009786     0  8631544      0  
CD009786     0  19543903     0  
CD009786     0  16698532     0  
CD009786     0  14674127     0  
CD009786     0  22431247     0  
CD009786     0  19187388     0  
CD009786     0  17139978     0  
CD009786     0  1465664      0  
CD009786     0  2521380      0  
CD009786     0  20966693     0  
CD009786     0  7699286      0  
CD009786     0  18929404     0  
CD009786     0  18991080     0  
CD009786     0  8099025      0  
CD009786     0  1729791      0  
CD009786     0  15047227     0  
CD009786     0  17489487     0  
CD009786     0  6358558      0  
CD009786     0  19957213     0  
CD009786     0  4262821      0  
CD009786     0  18982336     0  
CD009786     0  1330244      0  
CD009786     0  12555008     0  
CD009786     0  7571964      0  
CD009786     0  17187015     0  
CD009786     0  8005309      0  
CD009786     0  19171373     0  
CD009786     0  12152285     0  
CD009786     0  16959199     0  
CD009786     0  15385132     0  
CD009786     0  10726696     0  
CD009786     0  17686238     0  
CD009786     0  22884658     0  
CD009786     0  1579297      0  
CD009786     0  6217881      0  
CD009786     0  17042207     0  
CD009786     0  8463563      0  
CD009786     0  158455       0  
CD009786     0  8033451      0  
CD009786     0  10949421     0  
CD009786     0  21392246     0  
CD009786     0  22776340     0  
CD009786     0  19477060     0  
CD009786     0  18076766     0  
CD009786     0  11182659     0  
CD009786     0  1342458      0  
CD009786     0  22813793     0  
CD009786     0  21349125     0  
CD009786     0  8179552      0  
CD009786     0  2940776      0  
CD009786     0  16446329     0  
CD009786     0  8751572      0  
CD009786     0  6225603      0  
CD009786     0  17031738     0  
CD009786     0  9852393      0  
CD009786     0  22161881     0  
CD009786     0  20947074     0  
CD009786     0  15181884     0  
CD009786     0  6326088      0  
CD009786     0  2969609      0  
CD009786     0  21377389     0  
CD009786     0  9175670      0  
CD009786     0  3513245      0  
CD009786     0  3155643      0  
CD009786     0  10510898     0  
CD009786     0  20621016     0  
CD009786     0  21429425     0  
CD009786     0  21429426     0  
CD009786     0  20621015     0  
CD009786     0  16419639     0  
CD009786     0  6102049      0  
CD009786     0  15571612     0  
CD009786     0  2443235      0  
CD009786     0  2288867      0  
CD009786     0  125214       0  
CD009786     0  1832408      0  
CD009786     0  17174830     0  
CD009786     0  17638632     0  
CD009786     0  17478171     0  
CD009786     0  22180395     0  
CD009786     0  445502       0  
CD009786     0  2954339      0  
CD009786     0  12821363     0  
CD009786     0  4262556      0  
CD009786     0  8832941      0  
CD009786     0  18179147     0  
CD009786     0  17445640     0  
CD009786     0  2288664      0  
CD009786     0  9989046      0  
CD009786     0  22020691     0  
CD009786     0  17980339     0  
CD009786     0  16885660     0  
CD009786     0  19093129     0  
CD009786     0  21252795     0  
CD009786     0  14976796     0  
CD009786     0  19215560     0  
CD009786     0  19037650     0  
CD009786     0  18158818     0  
CD009786     0  8318102      0  
CD009786     0  1696873      0  
CD009786     0  3493176      0  
CD009786     0  4040673      0  
CD009786     0  18431586     0  
CD009786     0  19495923     0  
CD009786     0  19110193     0  
CD009786     0  11140864     0  
CD009786     0  14593299     0  
CD009786     0  19525452     0  
CD009786     0  21679474     0  
CD009786     0  23374386     0  
CD009786     0  18669765     0  
CD009786     0  10831341     0  
CD009786     0  17054259     0  
CD009786     0  22381964     0  
CD009786     0  16174223     0  
CD009786     0  11479965     0  
CD009786     0  16897289     0  
CD009786     0  16631341     0  
CD009786     0  2501110      0  
CD009786     0  7978948      0  
CD009786     0  11141421     0  
CD009786     0  6449218      0  
CD009786     0  1388333      0  
CD009786     0  15297166     0  
CD009786     0  15304164     0  
CD009786     0  15304167     0  
CD009786     0  2942801      0  
CD009786     0  18656074     0  
CD009786     0  9159256      0  
CD009786     0  6446793      0  
CD009786     0  15976540     0  
CD009786     0  9615829      0  
CD009786     0  18509663     0  
CD009786     0  23312240     0  
CD009786     0  14607039     0  
CD009786     0  15167847     0  
CD009786     0  9050540      0  
CD009786     0  18609278     0  
CD009786     0  20045752     0  
CD009786     0  20045759     0  
CD009786     0  10883991     0  
CD009786     0  17076199     0  
CD009786     0  15727606     0  
CD009786     0  23024155     0  
CD009786     0  15029751     0  
CD009786     0  21450024     0  
CD009786     0  15902166     0  
CD009786     0  5710047      0  
CD009786     0  8794421      0  
CD009786     0  19212934     0  
CD009786     0  9521397      0  
CD009786     0  1827651      0  
CD009786     0  18000633     0  
CD009786     0  7672696      0  
CD009786     0  7805922      0  
CD009786     0  23344407     0  
CD009786     0  15032281     0  
CD009786     0  6229927      0  
CD009786     0  19204659     0  
CD009786     0  537947       0  
CD009786     0  15295344     0  
CD009786     0  4252070      0  
CD009786     0  15032282     0  
CD009786     0  1838455      0  
CD009786     0  8482555      0  
CD009786     0  14968412     0  
CD009786     0  16690058     0  
CD009786     0  8706964      0  
CD009786     0  8706963      0  
CD009786     0  17014818     0  
CD009786     0  12886864     0  
CD009786     0  16009186     0  
CD009786     0  22321906     0  
CD009786     0  8330712      0  
CD009786     0  8727704      0  
CD009786     0  15151843     0  
CD009786     0  7698387      0  
CD009786     0  11449615     0  
CD009786     0  4276392      0  
CD009786     0  3945444      0  
CD009786     0  14968063     0  
CD009786     0  2578611      0  
CD009786     0  6766604      0  
CD009786     0  7736636      0  
CD009786     0  15653700     0  
CD009786     0  11263935     0  
CD009786     0  14265073     0  
CD009786     0  17947845     0  
CD009786     0  8180356      0  
CD009786     0  2139923      0  
CD009786     0  18946442     0  
CD009786     0  10526812     0  
CD009786     0  14584668     0  
CD009786     0  6193920      0  
CD009786     0  9788856      0  
CD009786     0  1387786      0  
CD009786     0  187990       0  
CD009786     0  12239764     0  
CD009786     0  6181837      0  
CD009786     0  1609137      0  
CD009786     0  10414485     0  
CD009786     0  16442326     0  
CD009786     0  9129133      0  
CD009786     0  17315741     0  
CD009786     0  16740297     0  
CD009786     0  17447107     0  
CD009786     0  12181732     0  
CD009786     0  8193109      0  
CD009786     0  18262158     0  
CD009786     0  7461150      0  
CD009786     0  2976723      0  
CD009786     0  9347806      0  
CD009786     0  11704124     0  
CD009786     0  22212335     0  
CD009786     0  7992183      0  
CD009786     0  21554851     0  
CD009786     0  12918511     0  
CD009786     0  18572226     1  
CD009786     0  8334637      0  
CD009786     0  14986024     0  
CD009786     0  11443459     0  
CD009786     0  21503633     0  
CD009786     0  2476410      0  
CD009786     0  9740429      0  
CD009786     0  20065732     0  
CD009786     0  20638901     0  
CD009786     0  8296843      0  
CD009786     0  23250246     0  
CD009786     0  14691638     0  
CD009786     0  19669156     0  
CD009786     0  7733593      0  
CD009786     0  16800256     0  
CD009786     0  21840583     0  
CD009786     0  2093774      0  
CD009786     0  20226399     0  
CD009786     0  12151833     0  
CD009786     0  17185953     0  
CD009786     0  8816863      0  
CD009786     0  9770839      0  
CD009786     0  18814002     0  
CD009786     0  11206227     0  
CD009786     0  19527374     0  
CD009786     0  11128910     0  
CD009786     0  1314779      0  
CD009786     0  9049293      0  
CD009786     0  2560720      0  
CD009786     0  21082898     0  
CD009786     0  8111714      0  
CD009786     0  11328220     0  
CD009786     0  19189870     0  
CD009786     0  22900995     0  
CD009786     0  2969688      0  
CD009786     0  12279356     0  
CD009786     0  12861132     0  
CD009786     0  9582574      0  
CD009786     0  11677466     0  
CD009786     0  10831359     0  
CD009786     0  15065703     0  
CD009786     0  12815914     0  
CD009786     0  6241114      0  
CD009786     0  7394472      0  
CD009786     0  11520146     0  
CD009786     0  15846567     0  
CD009786     0  22397744     0  
CD009786     0  20022314     0  
CD009786     0  10435166     0  
CD009786     0  22740492     0  
CD009786     0  7405477      0  
CD009786     0  22581356     0  
CD009786     0  18584185     0  
CD009786     0  17544420     0  
CD009786     0  10832285     0  
CD009786     0  11979412     0  
CD009786     0  6455064      0  
CD009786     0  14751183     0  
CD009786     0  11501784     0  
CD009786     0  12140633     0  
CD009786     0  16575358     0  
CD009786     0  11174120     0  
CD009786     0  17270653     0  
CD009786     0  155115       0  
CD009786     0  3347414      0  
CD009786     0  12557716     0  
CD009786     0  19317271     0  
CD009786     0  19317273     0  
CD009786     0  2738321      0  
CD009786     0  16455020     0  
CD009786     0  9280737      0  
CD009786     0  1315353      0  
CD009786     0  15493168     0  
CD009786     0  10830772     0  
CD009786     0  7084496      0  
CD009786     0  17692084     0  
CD009786     0  9315174      0  
CD009786     0  9065118      0  
CD009786     0  12746993     0  
CD009786     0  9243202      0  
CD009786     0  5842433      0  
CD009786     0  1836402      0  
CD009786     0  12613345     0  
CD009786     0  16145860     0  
CD009786     0  12468334     0  
CD009786     0  6237197      0  
CD009786     0  20976490     0  
CD009786     0  11509792     0  
CD009786     0  5819942      0  
CD009786     0  10976443     0  
CD009786     0  9809569      0  
CD009786     0  9166300      0  
CD009786     0  15559338     0  
CD009786     0  22439415     0  
CD009786     0  6715399      0  
CD009786     0  7648897      0  
CD009786     0  19346186     0  
CD009786     0  16202727     0  
CD009786     0  17693116     0  
CD009786     0  20527247     0  
CD009786     0  6227956      0  
CD009786     0  9777626      0  
CD009786     0  9752451      0  
CD009786     0  21215439     0  
CD009786     0  21968159     0  
CD009786     0  7554608      0  
CD009786     0  12680799     0  
CD009786     0  19751334     0  
CD009786     0  20482495     0  
CD009786     0  11330971     0  
CD009786     0  15385110     0  
CD009786     0  14674109     0  
CD009786     0  223041       0  
CD009786     0  9050555      0  
CD009786     0  23234025     0  
CD009786     0  161282       0  
CD009786     0  6224378      0  
CD009786     0  6451490      0  
CD009786     0  20537629     0  
CD009786     0  18837098     0  
CD009786     0  21967041     0  
CD009786     0  17980337     0  
CD009786     0  9761167      0  
CD009786     0  6218657      0  
CD009786     0  22333231     0  
CD009786     0  11452201     0  
CD009786     0  19062661     0  
CD009786     0  23067525     0  
CD009786     0  186349       0  
CD009786     0  17425680     0  
CD009786     0  7505830      0  
CD009786     0  20129339     0  
CD009786     0  1838204      0  
CD009786     0  17157903     0  
CD009786     0  15943999     0  
CD009786     0  23099190     0  
CD009786     0  10804371     0  
CD009786     0  3943758      0  
CD009786     0  6235465      0  
CD009786     0  8337440      0  
CD009786     0  11526721     0  
CD009786     0  6235463      0  
CD009786     0  18801470     0  
CD009786     0  12905519     0  
CD009786     0  12165827     0  
CD009786     0  9091020      0  
CD009786     0  12359199     0  
CD009786     0  9577148      0  
CD009786     0  1828481      0  
CD009786     0  3033768      0  
CD009786     0  19019337     0  
CD009786     0  22503435     0  
CD009786     0  21715192     0  
CD009786     0  16343192     0  
CD009786     0  16343194     0  
CD009786     0  15701189     0  
CD009786     0  7997808      0  
CD009786     0  11917382     0  
CD009786     0  3193419      0  
CD009786     0  17175013     0  
CD009786     0  2950349      0  
CD009786     0  10873417     0  
CD009786     0  15491767     0  
CD009786     0  18200965     0  
CD009786     0  12706785     0  
CD009786     0  11396379     0  
CD009786     0  15527637     0  
CD009786     0  20579712     0  
CD009786     0  21830006     0  
CD009786     0  21269890     0  
CD009786     0  125336       0  
CD009786     0  19896593     0  
CD009786     0  20561742     0  
CD009786     0  15369246     0  
CD009786     0  9679616      0  
CD009786     0  16736974     0  
CD009786     0  19896594     0  
CD009786     0  15063971     0  
CD009786     0  8163617      0  
CD009786     0  16626792     0  
CD009786     0  19852568     0  
CD009786     0  11176227     0  
CD009786     0  15904606     0  
CD009786     0  17581760     0  
CD009786     0  8252224      0  
CD009786     0  11813026     0  
CD009786     0  15972171     0  
CD009786     0  9209664      0  
CD009786     0  6445314      0  
CD009786     0  8270153      0  
CD009786     0  6794922      0  
CD009786     0  15447969     0  
CD009786     0  18827492     0  
CD009786     0  2533013      0  
CD009786     0  18386461     0  
CD009786     0  22189619     0  
CD009786     0  17937093     0  
CD009786     0  15198095     0  
CD009786     0  23266650     0  
CD009786     0  17578358     0  
CD009786     0  10582789     0  
CD009786     0  7855480      0  
CD009786     0  9050607      0  
CD009786     0  7646909      0  
CD009786     0  9240618      0  
CD009786     0  20737454     0  
CD009786     0  17145485     0  
CD009786     0  23142076     0  
CD009786     0  16261563     0  
CD009786     0  2935446      0  
CD009786     0  2145720      0  
CD009786     0  19459012     0  
CD009786     0  16873081     0  
CD009786     0  2533120      0  
CD009786     0  20979707     0  
CD009786     0  16307793     0  
CD009786     0  22313651     0  
CD009786     0  16527722     0  
CD009786     0  1533405      0  
CD009786     0  151139       0  
CD009786     0  21354065     0  
CD009786     0  15948060     0  
CD009786     0  18692828     0  
CD009786     0  11393262     0  
CD009786     0  21902992     0  
CD009786     0  9497606      0  
CD009786     0  18990385     0  
