CD007394     0  24514094     0  
CD007394     0  24505528     0  
CD007394     0  24495193     0  
CD007394     0  24493565     0  
CD007394     0  24489964     0  
CD007394     0  24471296     0  
CD007394     0  24462563     0  
CD007394     0  24454924     0  
CD007394     0  24439251     0  
CD007394     0  24431907     0  
CD007394     0  24418881     0  
CD007394     0  24392156     0  
CD007394     0  24384419     0  
CD007394     0  24376868     0  
CD007394     0  24372664     0  
CD007394     0  24360996     0  
CD007394     0  24309908     0  
CD007394     0  24306184     0  
CD007394     0  24305637     0  
CD007394     0  24304188     0  
CD007394     0  24299758     0  
CD007394     0  24299522     0  
CD007394     0  24299422     0  
CD007394     0  24292133     0  
CD007394     0  24291176     0  
CD007394     0  24283975     0  
CD007394     0  24280094     0  
CD007394     0  24280091     0  
CD007394     0  24278780     0  
CD007394     0  24257745     0  
CD007394     0  24248318     0  
CD007394     0  24236239     0  
CD007394     0  24230474     0  
CD007394     0  24229059     0  
CD007394     0  24218286     0  
CD007394     0  24198097     0  
CD007394     0  24164706     0  
CD007394     0  24155142     0  
CD007394     0  24163416     0  
CD007394     0  24157898     0  
CD007394     0  24152161     0  
CD007394     0  24150958     0  
CD007394     0  24138328     0  
CD007394     0  24137222     0  
CD007394     0  24128348     0  
CD007394     0  24127697     0  
CD007394     0  24124328     0  
CD007394     0  24121553     0  
CD007394     0  24118544     0  
CD007394     0  24111801     0  
CD007394     0  24069658     0  
CD007394     0  24055548     0  
CD007394     0  24050675     0  
CD007394     0  24049291     1  
CD007394     0  24046297     0  
CD007394     0  24046295     0  
CD007394     0  24037906     0  
CD007394     0  24023936     0  
CD007394     0  24021641     0  
CD007394     0  24011331     0  
CD007394     0  24010950     0  
CD007394     0  23971211     0  
CD007394     0  23948964     0  
CD007394     0  23946173     0  
CD007394     0  23943403     0  
CD007394     0  23933765     0  
CD007394     0  23931836     0  
CD007394     0  23928558     0  
CD007394     0  23923361     0  
CD007394     0  23918575     0  
CD007394     0  23911656     0  
CD007394     0  23899746     0  
CD007394     0  23897301     0  
CD007394     0  23886693     0  
CD007394     0  23884844     0  
CD007394     0  23884469     0  
CD007394     0  23870253     0  
CD007394     0  23863643     0  
CD007394     0  23853434     0  
CD007394     0  23852902     0  
CD007394     0  23850953     0  
CD007394     0  23844980     0  
CD007394     0  23827645     0  
CD007394     0  23827105     0  
CD007394     0  23817660     0  
CD007394     0  23815153     0  
CD007394     0  23813092     0  
CD007394     0  23810257     0  
CD007394     0  23805875     0  
CD007394     0  23799871     0  
CD007394     0  23799048     0  
CD007394     0  23797658     0  
CD007394     0  23785683     0  
CD007394     0  23778597     0  
CD007394     0  23774978     0  
CD007394     0  23772450     0  
CD007394     0  23760074     0  
CD007394     0  23759343     0  
CD007394     0  23759303     0  
CD007394     0  23749104     0  
CD007394     0  23740016     0  
CD007394     0  23729666     0  
CD007394     0  23726262     0  
CD007394     0  23725337     0  
CD007394     0  23719654     0  
CD007394     0  23716655     0  
CD007394     0  23716483     0  
CD007394     0  23716054     0  
CD007394     0  23708751     0  
CD007394     0  23700559     0  
CD007394     0  23692800     0  
CD007394     0  23687575     0  
CD007394     0  23674292     0  
CD007394     0  23664649     0  
CD007394     0  23661288     0  
CD007394     0  23644832     0  
CD007394     0  23644098     1  
CD007394     0  23639613     0  
CD007394     0  23639612     0  
CD007394     0  23636252     0  
CD007394     0  23621588     0  
CD007394     0  23633661     0  
CD007394     0  23632100     0  
CD007394     0  23625788     0  
CD007394     0  23621736     0  
CD007394     0  23614624     1  
CD007394     0  23606122     0  
CD007394     0  23598209     0  
CD007394     0  23598187     0  
CD007394     0  23598147     0  
CD007394     0  23557364     0  
CD007394     0  23529249     0  
CD007394     0  23527739     0  
CD007394     0  23518185     0  
CD007394     0  23513028     0  
CD007394     0  23508427     1  
CD007394     0  23499525     0  
CD007394     0  23496321     0  
CD007394     0  23494403     0  
CD007394     0  23486712     0  
CD007394     0  23478377     0  
CD007394     0  23463213     0  
CD007394     0  23463185     0  
CD007394     0  23451071     0  
CD007394     0  23448824     0  
CD007394     0  23439763     0  
CD007394     0  23432536     0  
CD007394     0  23426930     0  
CD007394     0  23420637     0  
CD007394     0  23409527     0  
CD007394     0  23391935     0  
CD007394     0  23389933     1  
CD007394     0  23382985     0  
CD007394     0  23375860     0  
CD007394     0  23369047     1  
CD007394     0  23363828     0  
CD007394     0  23360173     0  
CD007394     0  23331929     0  
CD007394     0  23325065     0  
CD007394     0  23313100     0  
CD007394     0  23311627     0  
CD007394     0  23295929     0  
CD007394     0  23295918     0  
CD007394     0  23290971     0  
CD007394     0  23279327     0  
CD007394     0  23278540     0  
CD007394     0  23242851     0  
CD007394     0  23241189     0  
CD007394     0  23231708     0  
CD007394     0  23226822     0  
CD007394     0  23221842     0  
CD007394     0  23216596     0  
CD007394     0  23209763     0  
CD007394     0  23200547     0  
CD007394     0  23188584     0  
CD007394     0  23178421     0  
CD007394     0  23177817     0  
CD007394     0  23175252     0  
CD007394     0  23158487     0  
CD007394     0  23154617     0  
CD007394     0  23140447     0  
CD007394     0  23139423     0  
CD007394     0  23114153     0  
CD007394     0  23111539     0  
CD007394     0  23095151     0  
CD007394     0  23084969     0  
CD007394     0  23078908     0  
CD007394     0  23068152     0  
CD007394     0  23063954     0  
CD007394     0  23063795     0  
CD007394     0  23053563     0  
CD007394     0  23042761     0  
CD007394     0  23031342     0  
CD007394     0  23026204     0  
CD007394     0  23016564     0  
CD007394     0  23006752     0  
CD007394     0  22999208     0  
CD007394     0  22994572     0  
CD007394     0  22983699     0  
CD007394     0  22964947     0  
CD007394     0  22956475     0  
CD007394     0  22952268     0  
CD007394     0  22949309     1  
CD007394     0  22944679     0  
CD007394     0  22942923     0  
CD007394     0  22937496     0  
CD007394     0  22931723     0  
CD007394     0  22918893     0  
CD007394     0  22905261     0  
CD007394     0  22904183     0  
CD007394     0  22903978     0  
CD007394     0  22903167     0  
CD007394     0  22900046     0  
CD007394     0  22884651     0  
CD007394     0  22869563     0  
CD007394     0  22863901     0  
CD007394     0  22855762     0  
CD007394     0  22851524     0  
CD007394     0  22837317     0  
CD007394     0  22835335     0  
CD007394     0  22834482     0  
CD007394     0  22826981     0  
CD007394     0  22825124     0  
CD007394     0  22824534     0  
CD007394     0  22824184     0  
CD007394     0  22823937     0  
CD007394     0  22808087     0  
CD007394     0  22783116     0  
CD007394     0  22782438     0  
CD007394     0  22752366     0  
CD007394     0  22740590     0  
CD007394     0  22732810     1  
CD007394     0  22731696     0  
CD007394     0  22723171     1  
CD007394     0  22697032     0  
CD007394     0  22696051     0  
CD007394     0  22669560     0  
CD007394     0  22650156     0  
CD007394     0  22645440     0  
CD007394     0  22640845     0  
CD007394     0  22634880     0  
CD007394     0  22631066     1  
CD007394     0  22615280     0  
CD007394     0  22610929     0  
CD007394     0  22608703     0  
CD007394     0  22608571     0  
CD007394     0  22606375     0  
CD007394     0  22605848     0  
CD007394     0  22589326     0  
CD007394     0  22587733     0  
CD007394     0  22579768     0  
CD007394     0  22571643     0  
CD007394     0  22568603     0  
CD007394     0  22566119     0  
CD007394     0  22563023     0  
CD007394     0  22553747     0  
CD007394     0  22553232     0  
CD007394     0  22545542     0  
CD007394     0  22519626     0  
CD007394     0  22524639     0  
CD007394     0  22523906     0  
CD007394     0  22519720     0  
CD007394     0  22509389     0  
CD007394     0  22505446     1  
CD007394     0  22499998     0  
CD007394     0  22487375     0  
CD007394     0  22473419     0  
CD007394     0  22455941     0  
CD007394     0  22455645     0  
CD007394     0  22452622     0  
CD007394     0  22445696     0  
CD007394     0  22432007     0  
CD007394     0  22428072     0  
CD007394     0  22423136     0  
CD007394     0  22417376     0  
CD007394     0  22409871     0  
CD007394     0  22387450     0  
CD007394     0  22385270     1  
CD007394     0  22384201     0  
CD007394     0  22382738     0  
CD007394     0  22371150     0  
CD007394     0  22366166     0  
CD007394     0  22365181     0  
CD007394     0  22362957     0  
CD007394     0  22362884     0  
CD007394     0  22344519     0  
CD007394     0  22341751     0  
CD007394     0  22338180     0  
CD007394     0  22327070     0  
CD007394     0  22319619     0  
CD007394     0  22312285     0  
CD007394     0  22305135     0  
CD007394     0  22301025     0  
CD007394     0  22298527     0  
CD007394     0  22280997     0  
CD007394     0  22258646     0  
CD007394     0  22251604     0  
CD007394     0  22246861     0  
CD007394     0  22240402     0  
CD007394     0  22239342     0  
CD007394     0  22227384     0  
CD007394     0  22225939     0  
CD007394     0  22223932     0  
CD007394     0  22196205     0  
CD007394     0  24371756     0  
CD007394     0  24312781     0  
CD007394     0  23569520     0  
CD007394     0  22206948     0  
CD007394     0  22205818     0  
CD007394     0  22205661     0  
CD007394     0  22202471     0  
CD007394     0  22189110     0  
CD007394     0  22188592     0  
CD007394     0  22170932     0  
CD007394     0  22170907     1  
CD007394     0  22170901     0  
CD007394     0  22169093     0  
CD007394     0  22163961     0  
CD007394     0  22160911     0  
CD007394     0  22160315     0  
CD007394     0  22154334     0  
CD007394     0  22153703     0  
CD007394     0  22142041     0  
CD007394     0  22139415     0  
CD007394     0  22135885     0  
CD007394     0  22118804     0  
CD007394     0  22114731     0  
CD007394     0  22106867     0  
CD007394     0  22106285     0  
CD007394     0  22103346     0  
CD007394     0  22093368     0  
CD007394     0  22092749     0  
CD007394     0  22082890     0  
CD007394     0  22081286     0  
CD007394     0  22080203     0  
CD007394     0  22072934     0  
CD007394     0  22069725     0  
CD007394     0  22064546     0  
CD007394     0  22056792     0  
CD007394     0  22049217     0  
CD007394     0  22045955     0  
CD007394     0  22040924     0  
CD007394     0  22040530     0  
CD007394     0  22036518     0  
CD007394     0  22033289     0  
CD007394     0  22012015     0  
CD007394     0  22005062     0  
CD007394     0  21976757     0  
CD007394     0  21971701     0  
CD007394     0  21956704     0  
CD007394     0  21948189     0  
CD007394     0  21948145     0  
CD007394     0  21939544     0  
CD007394     0  21939346     0  
CD007394     0  21931981     0  
CD007394     0  21927034     0  
CD007394     0  21912300     0  
CD007394     0  21905944     0  
CD007394     0  21899968     0  
CD007394     0  21892786     0  
CD007394     0  21888978     0  
CD007394     0  21880896     0  
CD007394     0  21867993     0  
CD007394     0  21860713     0  
CD007394     0  21854805     0  
CD007394     0  21846834     0  
CD007394     0  21844759     0  
CD007394     0  21840384     0  
CD007394     0  21826199     0  
CD007394     0  21824751     0  
CD007394     0  21817883     0  
CD007394     0  21811868     1  
CD007394     0  23556092     0  
CD007394     0  21781209     0  
CD007394     0  21767711     0  
CD007394     0  21763696     0  
CD007394     0  21750627     0  
CD007394     0  21749250     0  
CD007394     0  21745765     0  
CD007394     0  21741477     0  
CD007394     0  21734068     0  
CD007394     0  21733049     0  
CD007394     0  21729194     0  
CD007394     0  21708265     0  
CD007394     0  21707364     0  
CD007394     0  21700234     0  
CD007394     0  21698483     0  
CD007394     0  21695388     0  
CD007394     0  21685325     0  
CD007394     0  21681738     0  
CD007394     0  21672046     0  
CD007394     0  21670524     0  
CD007394     0  21668573     0  
CD007394     0  21666457     0  
CD007394     0  21658879     0  
CD007394     0  21642594     0  
CD007394     0  21640974     0  
CD007394     0  21637862     0  
CD007394     0  21632114     0  
CD007394     0  21627739     0  
CD007394     0  21623937     0  
CD007394     0  21623884     0  
CD007394     0  21619496     0  
CD007394     0  21611646     0  
CD007394     0  21605195     0  
CD007394     0  21601522     0  
CD007394     0  21592044     0  
CD007394     0  21572462     0  
CD007394     0  21554421     0  
CD007394     0  21535846     0  
CD007394     0  21535474     0  
CD007394     0  21527474     0  
CD007394     0  21518521     0  
CD007394     0  21518025     0  
CD007394     0  21507918     0  
CD007394     0  21504422     0  
CD007394     0  21493263     0  
CD007394     0  21492228     1  
CD007394     0  21482335     0  
CD007394     0  21455060     0  
CD007394     0  21450965     0  
CD007394     0  21449768     0  
CD007394     0  21441461     0  
CD007394     0  21436369     0  
CD007394     0  21429401     1  
CD007394     0  21427387     0  
CD007394     0  21417868     0  
CD007394     0  21397541     0  
CD007394     0  21388550     0  
CD007394     0  21381282     0  
CD007394     0  21357943     0  
CD007394     0  21356003     0  
CD007394     0  21331589     0  
CD007394     0  21325485     0  
CD007394     0  21320573     0  
CD007394     0  21316941     0  
CD007394     0  21311331     0  
CD007394     0  21310913     0  
CD007394     0  21299637     0  
CD007394     0  21295723     0  
CD007394     0  21281234     0  
CD007394     0  21277307     0  
CD007394     0  21254964     0  
CD007394     0  21252677     0  
CD007394     0  21227993     0  
CD007394     0  21219976     0  
CD007394     0  21191800     0  
CD007394     0  21191054     0  
CD007394     0  21179536     0  
CD007394     0  21176508     0  
CD007394     0  21176021     0  
CD007394     0  21149624     0  
CD007394     0  21139716     0  
CD007394     0  21129984     0  
CD007394     0  21129281     1  
CD007394     0  21124817     0  
CD007394     0  21117988     0  
CD007394     0  21115792     0  
CD007394     0  21111187     0  
CD007394     0  21108575     0  
CD007394     0  21108574     1  
CD007394     0  21107627     0  
CD007394     0  21102391     0  
CD007394     0  21099401     0  
CD007394     0  21092632     0  
CD007394     0  21092562     0  
CD007394     0  21092457     0  
CD007394     0  21070286     0  
CD007394     0  21087680     0  
CD007394     0  21069999     0  
CD007394     0  21063994     0  
CD007394     0  21056109     1  
CD007394     0  21046712     0  
CD007394     0  21042306     0  
CD007394     0  21038326     0  
CD007394     0  21034201     0  
CD007394     0  21034199     0  
CD007394     0  21033476     0  
CD007394     0  20974273     0  
CD007394     0  20971208     0  
CD007394     0  20970530     0  
CD007394     0  20965392     0  
CD007394     0  20952804     1  
CD007394     0  20942058     0  
CD007394     0  20936913     1  
CD007394     0  20921987     0  
CD007394     0  20875086     0  
CD007394     0  20865172     0  
CD007394     0  20854652     0  
CD007394     0  20847696     0  
CD007394     0  20846585     0  
CD007394     0  20833201     0  
CD007394     0  20827189     0  
CD007394     0  20826719     0  
CD007394     0  20825441     1  
CD007394     0  20823702     0  
CD007394     0  20807031     0  
CD007394     0  22069682     0  
CD007394     0  20736083     0  
CD007394     0  20724511     0  
CD007394     0  20720494     0  
CD007394     0  20718613     0  
CD007394     0  20713673     0  
CD007394     0  20703324     1  
CD007394     0  20696996     0  
CD007394     0  20696239     0  
CD007394     0  20673530     0  
CD007394     0  20668818     0  
CD007394     0  20667623     0  
CD007394     0  20667621     0  
CD007394     0  20653153     0  
CD007394     0  20649055     0  
CD007394     0  20646338     0  
CD007394     0  20637053     0  
CD007394     0  20636423     0  
CD007394     0  20631331     0  
CD007394     0  20626099     0  
CD007394     0  20616763     0  
CD007394     0  20608783     0  
CD007394     0  20608781     0  
CD007394     0  20587390     0  
CD007394     0  20586114     0  
CD007394     0  20564691     0  
CD007394     0  20554823     0  
CD007394     0  20549960     0  
CD007394     0  20548265     0  
CD007394     0  20535639     0  
CD007394     0  20534956     0  
CD007394     0  20513209     0  
CD007394     0  20513124     0  
CD007394     0  20488937     0  
CD007394     0  20433653     0  
CD007394     0  20453070     0  
CD007394     0  20439615     0  
CD007394     0  20432074     0  
CD007394     0  23605311     0  
CD007394     0  20428909     0  
CD007394     0  20428634     0  
CD007394     0  20427934     0  
CD007394     0  20420162     0  
CD007394     0  20392146     0  
CD007394     0  20374275     0  
CD007394     0  20370368     0  
CD007394     0  20367932     1  
CD007394     0  20367931     1  
CD007394     0  20367042     0  
CD007394     0  20364562     0  
CD007394     0  20359458     0  
CD007394     0  20357693     0  
CD007394     0  20357214     0  
CD007394     0  22069613     0  
CD007394     0  20336378     0  
CD007394     0  20237947     0  
CD007394     0  21691458     0  
CD007394     0  20222384     0  
CD007394     0  20209317     0  
CD007394     0  20201672     0  
CD007394     0  20201671     0  
CD007394     0  20199673     0  
CD007394     0  20192889     0  
CD007394     0  20174463     0  
CD007394     0  20157606     0  
CD007394     0  20156215     1  
CD007394     0  20152169     0  
CD007394     0  20148857     0  
CD007394     0  20147646     0  
CD007394     0  20145078     0  
CD007394     0  20107167     0  
CD007394     0  20095147     0  
CD007394     0  20091935     1  
CD007394     0  20082061     0  
CD007394     0  20061243     0  
CD007394     0  20058189     0  
CD007394     0  20055739     0  
CD007394     0  20047485     0  
CD007394     0  20041995     0  
CD007394     0  21686223     0  
CD007394     0  20035025     0  
CD007394     0  20008537     0  
CD007394     0  20002791     0  
CD007394     0  20002683     0  
CD007394     0  19998385     0  
CD007394     0  19954616     0  
CD007394     0  19949059     0  
CD007394     0  19948732     0  
CD007394     0  19945807     0  
CD007394     0  19935781     0  
CD007394     0  19932132     0  
CD007394     0  19924119     0  
CD007394     0  19912637     0  
CD007394     0  19909460     0  
CD007394     0  19906892     0  
CD007394     0  19906275     0  
CD007394     0  19895220     0  
CD007394     0  19892488     0  
CD007394     0  19890556     0  
CD007394     0  19889082     0  
CD007394     0  19886801     0  
CD007394     0  19879507     0  
CD007394     0  19879504     0  
CD007394     0  19857727     0  
CD007394     0  19855303     0  
CD007394     0  19841328     0  
CD007394     0  19840949     0  
CD007394     0  19838867     1  
CD007394     0  19836185     0  
CD007394     0  19827955     0  
CD007394     0  19824853     0  
CD007394     0  19820818     0  
CD007394     0  19801584     1  
CD007394     0  19799638     0  
CD007394     0  19793899     0  
CD007394     0  19793067     0  
CD007394     0  19784931     0  
CD007394     0  19744505     0  
CD007394     0  19730788     0  
CD007394     0  19703985     0  
CD007394     0  19698256     0  
CD007394     0  19675673     0  
CD007394     0  19673973     0  
CD007394     0  19673459     0  
CD007394     0  19672781     0  
CD007394     0  19663516     0  
CD007394     0  19659648     1  
CD007394     0  19649636     0  
CD007394     0  19635497     0  
CD007394     0  19621078     0  
CD007394     0  19617902     1  
CD007394     0  19592397     0  
CD007394     0  19590756     0  
CD007394     0  19580016     0  
CD007394     0  19576092     1  
CD007394     0  19575001     0  
CD007394     0  19573449     1  
CD007394     0  19572428     0  
CD007394     0  23485213     0  
CD007394     0  19557502     0  
CD007394     0  19551989     0  
CD007394     0  19549404     1  
CD007394     0  19530405     0  
CD007394     0  19514808     0  
CD007394     0  19506476     0  
CD007394     0  19491674     0  
CD007394     0  19488961     0  
CD007394     0  19470024     0  
CD007394     0  19467584     0  
CD007394     0  19465436     0  
CD007394     0  19464066     0  
CD007394     0  19416144     0  
CD007394     0  19415022     0  
CD007394     0  19399183     0  
CD007394     0  19393501     0  
CD007394     0  19389777     0  
CD007394     0  19375641     0  
CD007394     0  19368241     0  
CD007394     0  19343960     0  
CD007394     0  19341426     0  
CD007394     0  19337880     0  
CD007394     0  19321690     0  
CD007394     0  19307368     0  
CD007394     0  19305348     0  
CD007394     0  19302274     0  
CD007394     0  19299730     0  
CD007394     0  19299700     0  
CD007394     0  19281327     0  
CD007394     0  19276884     0  
CD007394     0  19267655     0  
CD007394     0  19255904     0  
CD007394     0  19253145     0  
CD007394     0  19253143     0  
CD007394     0  19247870     0  
CD007394     0  19238113     1  
CD007394     0  19237647     0  
CD007394     0  19236839     0  
CD007394     0  19217941     0  
CD007394     0  19210691     0  
CD007394     0  19208266     0  
CD007394     0  19201896     0  
CD007394     0  19198228     1  
CD007394     0  19190977     0  
CD007394     0  19180751     1  
CD007394     0  19167450     0  
CD007394     0  19155981     0  
CD007394     0  19154482     0  
CD007394     0  19139728     1  
CD007394     0  19134308     0  
CD007394     0  19132980     0  
CD007394     0  19117118     0  
CD007394     0  19117035     0  
CD007394     0  19109479     1  
CD007394     0  19086432     0  
CD007394     0  19082205     0  
CD007394     0  19080569     0  
CD007394     0  19071895     0  
CD007394     0  19069098     0  
CD007394     0  19069096     0  
CD007394     0  19068757     0  
CD007394     0  19013339     0  
CD007394     0  19054035     0  
CD007394     0  19041608     0  
CD007394     0  19032234     0  
CD007394     0  19031120     0  
CD007394     0  19028301     0  
CD007394     0  19027178     0  
CD007394     0  19020109     0  
CD007394     0  19005145     1  
CD007394     0  18990068     0  
CD007394     0  18971303     0  
CD007394     0  18947811     0  
CD007394     0  18945571     0  
CD007394     0  18945385     0  
CD007394     0  18945209     0  
CD007394     0  18854937     0  
CD007394     0  18846967     0  
CD007394     0  18845830     0  
CD007394     0  18845828     1  
CD007394     0  18843747     0  
CD007394     0  18837909     0  
CD007394     0  18832929     0  
CD007394     0  18824106     0  
CD007394     0  18823263     0  
CD007394     0  18819720     0  
CD007394     0  18817625     0  
CD007394     0  18800649     0  
CD007394     0  18800604     0  
CD007394     0  18800599     0  
CD007394     0  18794866     0  
CD007394     0  18778118     0  
CD007394     0  18768268     0  
CD007394     0  18763591     0  
CD007394     0  18763000     0  
CD007394     0  18752432     0  
CD007394     0  18720216     0  
CD007394     0  18709731     0  
CD007394     0  18703991     1  
CD007394     0  18700828     0  
CD007394     0  18691156     0  
CD007394     0  18687497     0  
CD007394     0  18686165     0  
CD007394     0  18672389     0  
CD007394     0  18671724     0  
CD007394     0  18668419     0  
CD007394     0  18667632     0  
CD007394     0  18664990     0  
CD007394     0  18654916     0  
CD007394     0  18647743     0  
CD007394     0  18545231     0  
CD007394     0  18644959     0  
CD007394     0  18628154     0  
CD007394     0  18627580     0  
CD007394     0  18623894     0  
CD007394     0  18622719     0  
CD007394     0  18615277     0  
CD007394     0  18594296     0  
CD007394     0  18588521     0  
CD007394     0  23495815     0  
CD007394     0  18568882     0  
CD007394     0  18552284     0  
CD007394     0  18521930     0  
CD007394     0  18503569     0  
CD007394     0  18499076     0  
CD007394     0  18484169     0  
CD007394     0  18477954     0  
CD007394     0  18474582     0  
CD007394     0  18473530     0  
CD007394     0  18473518     0  
CD007394     0  18469501     0  
CD007394     0  18468830     0  
CD007394     0  18463224     0  
CD007394     0  18463222     0  
CD007394     0  18459322     0  
CD007394     0  18459309     0  
CD007394     0  18453606     0  
CD007394     0  18451721     0  
CD007394     0  18447204     0  
CD007394     0  18444565     0  
CD007394     0  18430128     0  
CD007394     0  18427244     0  
CD007394     0  18424720     0  
CD007394     0  18419446     0  
CD007394     0  18419445     0  
CD007394     0  18414002     0  
CD007394     0  18401744     0  
CD007394     0  18401743     0  
CD007394     0  18390117     1  
CD007394     0  18364120     0  
CD007394     0  18362473     0  
CD007394     0  18338920     0  
CD007394     0  18331444     1  
CD007394     0  18319050     0  
CD007394     0  18318232     0  
CD007394     0  18317823     0  
CD007394     0  18315733     0  
CD007394     0  18294827     0  
CD007394     0  18287324     0  
CD007394     0  18286405     0  
CD007394     0  18269845     0  
CD007394     0  18266785     0  
CD007394     0  18257606     0  
CD007394     0  18254749     0  
CD007394     0  18242638     0  
CD007394     0  23687707     0  
CD007394     0  18227109     1  
CD007394     0  18222721     0  
CD007394     0  18195059     0  
CD007394     0  18193305     0  
CD007394     0  18187079     0  
CD007394     0  18184406     0  
CD007394     0  18173075     0  
CD007394     0  21892273     0  
CD007394     0  19736385     0  
CD007394     0  18160456     0  
CD007394     0  18096711     0  
CD007394     0  18072744     0  
CD007394     0  18063396     0  
CD007394     0  18062219     0  
CD007394     0  18055488     1  
CD007394     0  18036643     0  
CD007394     0  18032858     0  
CD007394     0  18032591     0  
CD007394     0  18023298     0  
CD007394     0  18022925     0  
CD007394     0  18005347     0  
CD007394     0  17999882     0  
CD007394     0  17987566     0  
CD007394     0  17983658     0  
CD007394     0  17976121     0  
CD007394     0  17967194     0  
CD007394     0  17967129     0  
CD007394     0  17965344     0  
CD007394     0  17941598     0  
CD007394     0  17932782     0  
CD007394     0  17919289     0  
CD007394     0  17913863     0  
CD007394     0  17893168     0  
CD007394     0  17889483     0  
CD007394     0  17885264     1  
CD007394     0  17878876     0  
CD007394     0  17874855     0  
CD007394     0  17874253     0  
CD007394     0  17854403     0  
CD007394     0  17806041     0  
CD007394     0  17729243     0  
CD007394     0  17728508     0  
CD007394     0  17725387     0  
CD007394     0  17721116     0  
CD007394     0  17715986     0  
CD007394     0  17707328     0  
CD007394     0  17703972     0  
CD007394     0  17671803     0  
CD007394     0  17670932     0  
CD007394     0  17666789     0  
CD007394     0  17664833     0  
CD007394     0  17662550     0  
CD007394     0  17661528     0  
CD007394     0  17657053     0  
CD007394     0  17654018     0  
CD007394     0  17651155     0  
CD007394     0  17650666     1  
CD007394     0  17646966     0  
CD007394     0  17646221     0  
CD007394     0  17644719     0  
CD007394     0  17643064     0  
CD007394     0  17637510     0  
CD007394     0  17628869     0  
CD007394     0  17623114     0  
CD007394     0  17621825     0  
CD007394     0  17617057     0  
CD007394     0  17607669     0  
CD007394     0  17605727     0  
CD007394     0  17604438     0  
CD007394     0  17604427     0  
CD007394     0  17602232     0  
CD007394     0  17600362     0  
CD007394     0  17596809     0  
CD007394     0  17596794     1  
CD007394     0  17596367     0  
CD007394     0  17596363     0  
CD007394     0  17580268     0  
CD007394     0  17578780     0  
CD007394     0  17577331     0  
CD007394     0  17574786     0  
CD007394     0  17562322     0  
CD007394     0  17554438     0  
CD007394     0  17547802     0  
CD007394     0  17544346     0  
CD007394     0  17525971     0  
CD007394     0  17521405     0  
CD007394     0  17519782     0  
CD007394     0  17505255     0  
CD007394     0  17496533     0  
CD007394     0  17494639     0  
CD007394     0  17472556     0  
CD007394     0  17461858     0  
CD007394     0  17447480     0  
CD007394     0  17446963     1  
CD007394     0  17443470     1  
CD007394     0  17441394     0  
CD007394     0  17428933     0  
CD007394     0  17425662     0  
CD007394     0  17424885     0  
CD007394     0  17419183     0  
CD007394     0  17410480     0  
CD007394     0  17406560     0  
CD007394     0  17400661     0  
CD007394     0  17395727     0  
CD007394     0  17394605     1  
CD007394     0  17380086     0  
CD007394     0  17371405     0  
CD007394     0  17370614     0  
CD007394     0  17360857     0  
CD007394     0  17359454     0  
CD007394     0  17354292     1  
CD007394     0  17347596     0  
CD007394     0  17344352     0  
CD007394     0  17336260     0  
CD007394     0  17335008     0  
CD007394     0  17326997     1  
CD007394     0  17321603     0  
CD007394     0  17319994     0  
CD007394     0  17312715     0  
CD007394     0  17303251     0  
CD007394     0  17287325     0  
CD007394     0  17287156     1  
CD007394     0  17285246     0  
CD007394     0  17278073     0  
CD007394     0  17275325     0  
CD007394     0  17266747     0  
CD007394     0  17257853     0  
CD007394     0  17251398     0  
CD007394     0  17250896     0  
CD007394     0  17230581     0  
CD007394     0  17223052     0  
CD007394     0  17222046     0  
CD007394     0  17215858     0  
CD007394     0  17215334     0  
CD007394     0  17205865     1  
CD007394     0  17205697     0  
CD007394     0  17205662     1  
CD007394     0  17205486     0  
CD007394     0  17205448     0  
CD007394     0  17202930     0  
CD007394     0  17189883     0  
CD007394     0  17187481     0  
CD007394     0  17181127     0  
CD007394     0  17178797     0  
CD007394     0  17177674     0  
CD007394     0  17172527     0  
CD007394     0  17166959     0  
CD007394     0  17161513     0  
CD007394     0  17151856     0  
CD007394     0  17149640     0  
CD007394     0  17127630     0  
CD007394     0  17126042     0  
CD007394     0  17110981     0  
CD007394     0  17090621     0  
CD007394     0  17081423     0  
CD007394     0  17080414     0  
CD007394     0  17077511     0  
CD007394     0  17075620     0  
CD007394     0  17075330     0  
CD007394     0  17075249     0  
CD007394     0  17072284     0  
CD007394     0  17042133     0  
CD007394     0  17035619     0  
CD007394     0  17032425     0  
CD007394     0  17030235     0  
CD007394     0  17008047     0  
CD007394     0  16983484     0  
CD007394     0  16982904     0  
CD007394     0  16982522     0  
CD007394     0  16982117     0  
CD007394     0  16963233     0  
CD007394     0  16959918     0  
CD007394     0  16954294     0  
CD007394     0  16944291     0  
CD007394     0  16940953     0  
CD007394     0  16940951     0  
CD007394     0  16940946     0  
CD007394     0  16923068     0  
CD007394     0  16913971     0  
CD007394     0  16901025     0  
CD007394     0  16899843     0  
CD007394     0  16876374     0  
CD007394     0  16872530     0  
CD007394     0  16864641     0  
CD007394     0  16859543     0  
CD007394     0  16858079     0  
CD007394     0  16857151     0  
CD007394     0  16830186     0  
CD007394     0  16825367     0  
CD007394     0  16820744     0  
CD007394     0  16803950     0  
CD007394     0  16797366     1  
CD007394     0  16787496     0  
CD007394     0  16758737     0  
CD007394     0  16758192     0  
CD007394     0  16753069     0  
CD007394     0  16734141     0  
CD007394     0  16708193     0  
CD007394     0  16698676     0  
CD007394     0  16698299     0  
CD007394     0  16697346     0  
CD007394     0  16690904     0  
CD007394     0  16672397     0  
CD007394     0  16645519     0  
CD007394     0  16643956     0  
CD007394     0  16636830     0  
CD007394     0  16626916     0  
CD007394     0  16622067     0  
CD007394     0  16619155     0  
CD007394     0  16619154     0  
CD007394     0  16611651     0  
CD007394     0  16611039     0  
CD007394     0  16597909     1  
CD007394     0  16585640     0  
CD007394     0  16581995     0  
CD007394     0  16569871     0  
CD007394     0  16552065     0  
CD007394     0  16545578     0  
CD007394     0  16543550     0  
CD007394     0  16524415     0  
CD007394     0  16519019     0  
CD007394     0  16518765     0  
CD007394     0  16494509     0  
CD007394     0  16466440     0  
CD007394     0  16464895     0  
CD007394     0  16455889     0  
CD007394     0  16453271     1  
CD007394     0  16451404     0  
CD007394     0  16450836     0  
CD007394     0  16436692     0  
CD007394     0  16436150     0  
CD007394     0  16424881     0  
CD007394     0  16422374     0  
CD007394     0  16422300     0  
CD007394     0  16421792     0  
CD007394     0  16421791     0  
CD007394     0  16412706     0  
CD007394     0  16411921     0  
CD007394     0  16402554     0  
CD007394     0  16396248     0  
CD007394     0  16395687     1  
CD007394     0  16386634     0  
CD007394     0  16386623     0  
CD007394     0  20445761     0  
CD007394     0  16360214     0  
CD007394     0  16352735     0  
CD007394     0  16351036     0  
CD007394     0  16335802     0  
CD007394     0  16333082     0  
CD007394     0  16321822     0  
CD007394     0  16321812     0  
CD007394     0  16321648     0  
CD007394     0  16317911     0  
CD007394     0  16312174     0  
CD007394     0  16307363     0  
CD007394     0  16283758     0  
CD007394     0  16280129     0  
CD007394     0  16275948     0  
CD007394     0  16275542     0  
CD007394     0  16272983     0  
CD007394     0  16269780     0  
CD007394     0  16258626     0  
CD007394     0  16243008     0  
CD007394     0  16239514     0  
CD007394     0  16220101     0  
CD007394     0  16214947     0  
CD007394     0  16207986     0  
CD007394     0  16207969     0  
CD007394     0  16206097     0  
CD007394     0  16204227     0  
CD007394     0  16201672     0  
CD007394     0  16197477     0  
CD007394     0  16196381     0  
CD007394     0  16190352     0  
CD007394     0  16183515     0  
CD007394     0  16181685     0  
CD007394     0  16179015     0  
CD007394     0  16175901     1  
CD007394     0  16169108     0  
CD007394     0  16163633     1  
CD007394     0  16160820     0  
CD007394     0  16159635     0  
CD007394     0  16145143     0  
CD007394     0  16129506     0  
CD007394     0  16127090     0  
CD007394     0  16111246     0  
CD007394     0  16110815     0  
CD007394     0  16110813     0  
CD007394     0  16110811     0  
CD007394     0  16110805     0  
CD007394     0  16110803     0  
CD007394     0  16110787     0  
CD007394     0  16110779     0  
CD007394     0  16108003     0  
CD007394     0  16099830     0  
CD007394     0  16097797     0  
CD007394     0  16094842     0  
CD007394     0  16088917     0  
CD007394     0  16088462     0  
CD007394     0  16088456     0  
CD007394     0  16085122     0  
CD007394     0  16081932     0  
CD007394     0  16079478     0  
CD007394     0  16040983     0  
CD007394     0  16040966     0  
CD007394     0  16008046     0  
CD007394     0  16006446     0  
CD007394     0  16002656     0  
CD007394     0  16000507     0  
CD007394     0  15995924     0  
CD007394     0  15985827     0  
CD007394     0  15983733     1  
CD007394     0  15956422     0  
CD007394     0  15947435     0  
CD007394     0  15947204     0  
CD007394     0  15943562     0  
CD007394     0  15937754     0  
CD007394     0  15911182     0  
CD007394     0  15910525     0  
CD007394     0  15909264     0  
CD007394     0  15904973     0  
CD007394     0  15893986     0  
CD007394     0  15880126     0  
CD007394     0  15879906     0  
CD007394     0  15872239     1  
CD007394     0  15868875     0  
CD007394     0  15867868     0  
CD007394     0  15866341     0  
CD007394     0  15853950     0  
CD007394     0  15821202     0  
CD007394     0  15818187     0  
CD007394     0  15813678     0  
CD007394     0  15808943     0  
CD007394     0  15805867     0  
CD007394     0  15800973     0  
CD007394     0  15799638     0  
CD007394     0  15793118     0  
CD007394     0  15773571     0  
CD007394     0  15762932     0  
CD007394     0  15762794     0  
CD007394     0  15762786     0  
CD007394     0  15762777     0  
CD007394     0  15762775     0  
CD007394     0  15715862     0  
CD007394     0  15686470     1  
CD007394     0  15668862     1  
CD007394     0  15667367     0  
CD007394     0  15667366     0  
CD007394     0  15667365     0  
CD007394     0  15667364     0  
CD007394     0  15667361     0  
CD007394     0  15655766     0  
CD007394     0  15639087     0  
CD007394     0  15634986     1  
CD007394     0  15626220     0  
CD007394     0  19617022     0  
CD007394     0  15620663     0  
CD007394     0  15616619     0  
CD007394     0  15597671     0  
CD007394     0  15583275     0  
CD007394     0  15565998     0  
CD007394     0  15556859     0  
CD007394     0  15553652     0  
CD007394     0  15550917     0  
CD007394     0  15546083     0  
CD007394     0  15528743     0  
CD007394     0  15518353     0  
CD007394     0  15504871     0  
CD007394     0  15494928     0  
CD007394     0  15494925     0  
CD007394     0  15494514     0  
CD007394     0  15487910     0  
CD007394     0  15472368     0  
CD007394     0  15472335     0  
CD007394     0  15472308     0  
CD007394     0  15470106     0  
CD007394     0  15467371     0  
CD007394     0  15456368     1  
CD007394     0  15456367     0  
CD007394     0  15456366     1  
CD007394     0  15456365     0  
CD007394     0  15456364     0  
CD007394     0  15456362     0  
CD007394     0  15385513     0  
CD007394     0  15370674     0  
CD007394     0  15364099     0  
CD007394     0  15359888     0  
CD007394     0  15352990     1  
CD007394     0  15312557     0  
CD007394     0  15310329     0  
CD007394     0  15307045     0  
CD007394     0  15297489     0  
CD007394     0  15264705     0  
CD007394     0  15254808     0  
CD007394     0  15249448     0  
CD007394     0  15244045     0  
CD007394     0  15243943     1  
CD007394     0  15236509     0  
CD007394     0  15218972     0  
CD007394     0  15212821     0  
CD007394     0  15199748     0  
CD007394     0  15184460     1  
CD007394     0  15178679     0  
CD007394     0  15172343     0  
CD007394     0  15166279     0  
CD007394     0  15160907     0  
CD007394     0  15159626     0  
CD007394     0  15155189     0  
CD007394     0  15155094     0  
CD007394     0  15150330     0  
CD007394     0  15146196     0  
CD007394     0  15143855     0  
CD007394     0  15138181     0  
CD007394     0  15131215     0  
CD007394     0  15123642     0  
CD007394     0  15115908     0  
CD007394     0  15114095     1  
CD007394     0  15113658     0  
CD007394     0  15105886     0  
CD007394     0  15105129     0  
CD007394     0  15105113     0  
CD007394     0  15084177     1  
CD007394     0  15080046     0  
CD007394     0  15059142     1  
CD007394     0  15047994     0  
CD007394     0  15047519     0  
CD007394     0  15046277     0  
CD007394     0  15039315     0  
CD007394     0  15025326     0  
CD007394     0  15022785     0  
CD007394     0  15019993     0  
CD007394     0  15013986     0  
CD007394     0  15013973     0  
CD007394     0  14999641     1  
CD007394     0  14999640     0  
CD007394     0  14998396     0  
CD007394     0  14992307     0  
CD007394     0  14987199     0  
CD007394     0  14978040     0  
CD007394     0  14976389     0  
CD007394     0  14970241     0  
CD007394     0  14769736     0  
CD007394     0  14766869     1  
CD007394     0  14763934     0  
CD007394     0  14751710     0  
CD007394     0  14750074     0  
CD007394     0  14744451     0  
CD007394     0  14738777     0  
CD007394     0  14730445     0  
CD007394     0  14722624     0  
CD007394     0  14715799     0  
CD007394     0  14713910     0  
CD007394     0  14707712     0  
CD007394     0  14674938     0  
CD007394     0  14668472     0  
CD007394     0  14666380     0  
CD007394     0  14659915     0  
CD007394     0  14641617     0  
CD007394     0  14641607     0  
CD007394     0  14626574     0  
CD007394     0  14624100     0  
CD007394     0  14618508     0  
CD007394     0  14604308     0  
CD007394     0  14600424     0  
CD007394     0  14587535     0  
CD007394     0  14582909     0  
CD007394     0  14577589     0  
CD007394     0  14571970     0  
CD007394     0  14532181     0  
CD007394     0  14506867     0  
CD007394     0  13680172     0  
CD007394     0  13677464     0  
CD007394     0  12974759     0  
CD007394     0  12971335     0  
CD007394     0  12970013     0  
CD007394     0  12965914     0  
CD007394     0  12962164     0  
CD007394     0  12957831     0  
CD007394     0  12934484     0  
CD007394     0  12930363     0  
CD007394     0  12926185     0  
CD007394     0  12917249     0  
CD007394     0  12910764     0  
CD007394     0  12904419     0  
CD007394     0  12854088     0  
CD007394     0  12853613     0  
CD007394     0  12851285     0  
CD007394     0  12834277     0  
CD007394     0  12821470     0  
CD007394     0  12792859     0  
CD007394     0  12791068     0  
CD007394     0  12762339     0  
CD007394     0  12757604     0  
CD007394     0  12736806     0  
CD007394     0  12734275     1  
CD007394     0  12729022     0  
CD007394     0  12716367     1  
CD007394     0  12713184     0  
CD007394     0  12702721     0  
CD007394     0  12690965     0  
CD007394     0  12688025     0  
CD007394     0  12679896     0  
CD007394     0  12677406     0  
CD007394     0  12657442     0  
CD007394     0  12653793     0  
CD007394     0  12635573     0  
CD007394     0  12628896     0  
CD007394     0  12627806     0  
CD007394     0  12626404     0  
CD007394     0  12617498     0  
CD007394     0  12598920     0  
CD007394     0  12589346     0  
CD007394     0  12588984     0  
CD007394     0  12577594     0  
CD007394     0  12576477     0  
CD007394     0  12574298     0  
CD007394     0  12535268     0  
CD007394     0  12534552     0  
CD007394     0  12534547     0  
CD007394     0  12527512     0  
CD007394     0  12523968     0  
CD007394     0  12515684     0  
CD007394     0  12495016     0  
CD007394     0  12486790     0  
CD007394     0  12476286     0  
CD007394     0  12456371     0  
CD007394     0  12456336     0  
CD007394     0  12456280     0  
CD007394     0  12454790     0  
CD007394     0  12437651     0  
CD007394     0  12424579     0  
CD007394     0  12421281     0  
CD007394     0  12414750     0  
CD007394     0  12409437     0  
CD007394     0  12406770     0  
CD007394     0  12402199     1  
CD007394     0  12402023     0  
CD007394     0  12386167     0  
CD007394     0  12297232     0  
CD007394     0  12269943     0  
CD007394     0  12207016     0  
CD007394     0  12230214     0  
CD007394     0  12228271     0  
CD007394     0  12227939     0  
CD007394     0  12221897     0  
CD007394     0  12220241     0  
CD007394     0  12202550     0  
CD007394     0  12200108     0  
CD007394     0  12197578     0  
CD007394     0  12188638     0  
CD007394     0  12173308     0  
CD007394     0  12135575     0  
CD007394     0  12127966     0  
CD007394     0  12127859     0  
CD007394     0  12114592     0  
CD007394     0  12111097     0  
CD007394     0  12100029     0  
CD007394     0  12089037     0  
CD007394     0  12084578     0  
CD007394     0  12081148     0  
CD007394     0  12069913     0  
CD007394     0  12037092     0  
CD007394     0  12037061     0  
CD007394     0  12029531     0  
CD007394     0  12024935     0  
CD007394     0  12019101     0  
CD007394     0  12017526     0  
CD007394     0  12020804     0  
CD007394     0  12010653     1  
CD007394     0  12009972     0  
CD007394     0  12009400     0  
CD007394     0  12003976     0  
CD007394     0  11999369     0  
CD007394     0  11994105     0  
CD007394     0  11991303     0  
CD007394     0  11971996     0  
CD007394     0  11968054     0  
CD007394     0  11964778     0  
CD007394     0  11955571     0  
CD007394     0  11939394     0  
CD007394     0  11934714     0  
CD007394     0  11930335     0  
CD007394     0  11928373     0  
CD007394     0  11922101     0  
CD007394     0  11922081     0  
CD007394     0  11922080     0  
CD007394     0  11923380     0  
CD007394     0  11920178     1  
CD007394     0  11919250     1  
CD007394     0  11899028     0  
CD007394     0  11894732     0  
CD007394     0  11893850     0  
CD007394     0  11888960     0  
CD007394     0  11886384     0  
CD007394     0  11881322     0  
CD007394     0  11880959     0  
CD007394     0  11876740     0  
CD007394     0  11874881     0  
CD007394     0  11856435     0  
CD007394     0  11856319     0  
CD007394     0  11850239     0  
CD007394     0  11846019     0  
CD007394     0  11824538     0  
CD007394     0  11823122     0  
CD007394     0  11819919     0  
CD007394     0  11815751     0  
CD007394     0  11813843     0  
CD007394     0  11809826     0  
CD007394     0  11801576     0  
CD007394     0  11800273     0  
CD007394     0  11798263     0  
CD007394     0  11797610     0  
CD007394     0  11797607     0  
CD007394     0  11770995     0  
CD007394     0  11766380     0  
CD007394     0  11766098     0  
CD007394     0  11759255     0  
CD007394     0  11753999     0  
CD007394     0  11751105     0  
CD007394     0  11750162     0  
CD007394     0  11740824     0  
CD007394     0  11714066     0  
CD007394     0  11714060     0  
CD007394     0  11710212     0  
CD007394     0  11710199     0  
CD007394     0  11710023     0  
CD007394     0  11704746     0  
CD007394     0  11704742     0  
CD007394     0  11693382     0  
CD007394     0  11683266     0  
CD007394     0  11682494     0  
CD007394     0  11673876     0  
CD007394     0  11669622     0  
CD007394     0  11641548     0  
CD007394     0  11607782     0  
CD007394     0  11603793     0  
CD007394     0  11601711     0  
CD007394     0  11598061     0  
CD007394     0  11588697     0  
CD007394     0  11560305     0  
CD007394     0  11525219     0  
CD007394     0  11525216     0  
CD007394     0  11521501     0  
CD007394     0  11505386     0  
CD007394     0  11503293     0  
CD007394     0  11502060     0  
CD007394     0  11498744     0  
CD007394     0  11488905     0  
CD007394     0  11483612     0  
CD007394     0  11480723     0  
CD007394     0  11473348     0  
CD007394     0  11472974     0  
CD007394     0  11470361     0  
CD007394     0  11464977     0  
CD007394     0  11453253     0  
CD007394     0  11447710     0  
CD007394     0  11445520     0  
CD007394     0  11445162     0  
CD007394     0  11444778     0  
CD007394     0  11435728     0  
CD007394     0  11429479     0  
CD007394     0  11429025     0  
CD007394     0  11429016     0  
CD007394     0  11428997     0  
CD007394     0  11422136     0  
CD007394     0  11419706     0  
CD007394     0  11413925     0  
CD007394     0  11409261     0  
CD007394     0  11412696     0  
CD007394     0  11393772     0  
CD007394     0  11392574     0  
CD007394     0  11391953     0  
CD007394     0  11388451     0  
CD007394     0  11383899     0  
CD007394     0  11381326     0  
CD007394     0  11379802     0  
CD007394     0  11331716     0  
CD007394     0  11358516     0  
CD007394     0  11346899     0  
CD007394     0  11342778     0  
CD007394     0  11325981     0  
CD007394     0  11322698     0  
CD007394     0  11295859     0  
CD007394     0  11295652     0  
CD007394     0  11292712     0  
CD007394     0  11292706     0  
CD007394     0  11272851     0  
CD007394     0  11269502     0  
CD007394     0  11251631     0  
CD007394     0  11247273     0  
CD007394     0  11238906     0  
CD007394     0  11238098     0  
CD007394     0  11231056     0  
CD007394     0  11219546     0  
CD007394     0  11215485     0  
CD007394     0  11211181     1  
CD007394     0  11204778     0  
CD007394     0  11204148     0  
CD007394     0  11204140     0  
CD007394     0  11181372     0  
CD007394     0  11180076     1  
CD007394     0  11153588     0  
CD007394     0  11137006     0  
CD007394     0  11131094     0  
CD007394     0  11128589     0  
CD007394     0  11127497     0  
CD007394     0  11124364     0  
CD007394     0  11123449     0  
CD007394     0  11105537     0  
CD007394     0  11087443     0  
CD007394     0  11075373     0  
CD007394     0  11069576     0  
CD007394     0  11055651     0  
CD007394     0  11053793     0  
CD007394     0  11035584     0  
CD007394     0  11033020     0  
CD007394     0  11026827     0  
CD007394     0  11015433     0  
CD007394     0  11003449     0  
CD007394     0  11000429     0  
CD007394     0  10959663     0  
CD007394     0  10951964     0  
CD007394     0  10947969     0  
CD007394     0  10947962     0  
CD007394     0  10938515     0  
CD007394     0  10936658     0  
CD007394     0  10921970     0  
CD007394     0  23105266     0  
CD007394     0  10913753     0  
CD007394     0  10908023     0  
CD007394     0  10889818     1  
CD007394     0  10889235     0  
CD007394     0  10877800     0  
CD007394     0  10869365     0  
CD007394     0  10865899     0  
CD007394     0  10860545     0  
CD007394     0  10858878     0  
CD007394     0  10848921     0  
CD007394     0  10841117     0  
CD007394     0  10833405     0  
CD007394     0  10828720     0  
CD007394     0  10821171     0  
CD007394     0  10807050     0  
CD007394     0  10799807     0  
CD007394     0  10799464     0  
CD007394     0  10787047     0  
CD007394     0  10781748     0  
CD007394     0  10769178     0  
CD007394     0  10767433     0  
CD007394     0  10765040     0  
CD007394     0  10749460     0  
CD007394     0  10749445     0  
CD007394     0  10747121     0  
CD007394     0  10732844     0  
CD007394     0  10677362     0  
CD007394     0  10719306     0  
CD007394     0  10718854     0  
CD007394     0  10713338     0  
CD007394     0  10708380     0  
CD007394     0  10678438     0  
CD007394     0  10684373     0  
CD007394     0  10674565     0  
CD007394     0  10655350     0  
CD007394     0  10631858     0  
CD007394     0  10629598     0  
CD007394     0  10629485     0  
CD007394     0  10628932     0  
CD007394     0  10618137     0  
CD007394     0  10618249     0  
CD007394     0  10598069     0  
CD007394     0  10598068     0  
CD007394     0  10553664     0  
CD007394     0  10594355     0  
CD007394     0  10591499     0  
CD007394     0  10589011     0  
CD007394     0  10580272     0  
CD007394     0  10574543     0  
CD007394     0  10574505     0  
CD007394     0  10572490     0  
CD007394     0  10564840     0  
CD007394     0  10562808     0  
CD007394     0  10550751     0  
CD007394     0  10548587     0  
CD007394     0  10542073     0  
CD007394     0  10541422     0  
CD007394     0  10531650     0  
CD007394     0  10530885     0  
CD007394     0  10517927     0  
CD007394     0  10488181     0  
CD007394     0  10482834     0  
CD007394     0  10480308     0  
CD007394     0  10474033     0  
CD007394     0  10472316     0  
CD007394     0  10469297     0  
CD007394     0  10461089     0  
CD007394     0  10460619     0  
CD007394     0  10458527     0  
CD007394     0  10453741     0  
CD007394     0  10452949     0  
CD007394     0  10452338     0  
CD007394     0  10448329     0  
CD007394     0  10441484     0  
CD007394     0  10435760     0  
CD007394     0  10434564     0  
CD007394     0  10423047     0  
CD007394     0  10421263     0  
CD007394     0  10420595     0  
CD007394     0  10412684     0  
CD007394     0  23105210     0  
CD007394     0  10378036     0  
CD007394     0  10375182     0  
CD007394     0  10367640     0  
CD007394     0  10361723     0  
CD007394     0  10353584     0  
CD007394     0  10348035     0  
CD007394     0  10343631     0  
CD007394     0  10333395     0  
CD007394     0  10231324     0  
CD007394     0  10225850     0  
CD007394     0  10223970     0  
CD007394     0  10217191     0  
CD007394     0  10212875     0  
CD007394     0  10203536     0  
CD007394     0  10099354     0  
CD007394     0  10096130     0  
CD007394     0  10092944     0  
CD007394     0  10088929     0  
CD007394     0  10087168     0  
CD007394     0  10084736     0  
CD007394     0  10076909     0  
CD007394     0  10075501     0  
CD007394     0  10075496     0  
CD007394     0  10074559     0  
CD007394     0  10074549     0  
CD007394     0  10069885     0  
CD007394     0  10065855     0  
CD007394     0  10049878     0  
CD007394     0  10028811     0  
CD007394     0  10027433     0  
CD007394     0  9988514      0  
CD007394     0  9988503      0  
CD007394     0  9986830      0  
CD007394     0  9933913      0  
CD007394     0  9930067      0  
CD007394     0  9916459      0  
CD007394     0  9894250      0  
CD007394     0  9880102      0  
CD007394     0  9866696      0  
CD007394     0  9854802      0  
CD007394     0  9854096      0  
CD007394     0  9834982      0  
CD007394     0  9830095      0  
CD007394     0  9828462      0  
CD007394     0  9827989      0  
CD007394     0  9825524      0  
CD007394     0  9818356      0  
CD007394     0  9817884      0  
CD007394     0  9803534      0  
CD007394     0  9802214      0  
CD007394     0  9801343      0  
CD007394     0  9801342      0  
CD007394     0  9787330      0  
CD007394     0  9779353      0  
CD007394     0  9773954      0  
CD007394     0  9775652      0  
CD007394     0  9774870      0  
CD007394     0  9768579      0  
CD007394     0  9758790      0  
CD007394     0  9756952      0  
CD007394     0  9754008      0  
CD007394     0  9738075      0  
CD007394     0  9727800      0  
CD007394     0  9723708      0  
CD007394     0  9723670      0  
CD007394     0  9720820      0  
CD007394     0  9720206      0  
CD007394     0  9717392      0  
CD007394     0  9717388      0  
CD007394     0  9697338      0  
CD007394     0  9692519      0  
CD007394     0  9688180      0  
CD007394     0  9687432      0  
CD007394     0  9684966      0  
CD007394     0  9681123      0  
CD007394     0  9670764      0  
CD007394     0  9658953      0  
CD007394     0  9658388      0  
CD007394     0  9657566      0  
CD007394     0  9649840      0  
CD007394     0  9638619      0  
CD007394     0  9636871      1  
CD007394     0  9623506      0  
CD007394     0  9620387      0  
CD007394     0  9615480      0  
CD007394     0  9615479      0  
CD007394     0  9613784      1  
CD007394     0  9609605      0  
CD007394     0  9542914      0  
CD007394     0  9542605      0  
CD007394     0  9567092      0  
CD007394     0  9534923      0  
CD007394     0  9532788      0  
CD007394     0  9530507      0  
CD007394     0  9523846      0  
CD007394     0  9523629      0  
CD007394     0  9502588      0  
CD007394     0  9501294      0  
CD007394     0  9477552      0  
CD007394     0  9494720      0  
CD007394     0  9493392      0  
CD007394     0  9476481      0  
CD007394     0  9470421      0  
CD007394     0  9466262      0  
CD007394     0  9465863      0  
CD007394     0  9463945      0  
CD007394     0  9421924      0  
CD007394     0  9412580      0  
CD007394     0  9402374      0  
CD007394     0  9401681      0  
CD007394     0  23100916     0  
CD007394     0  23100915     0  
CD007394     0  9369821      0  
CD007394     0  9367462      0  
CD007394     0  9350029      0  
CD007394     0  9325167      0  
CD007394     0  9316781      0  
CD007394     0  9316918      0  
CD007394     0  9276391      0  
CD007394     0  9388611      0  
CD007394     0  9289038      0  
CD007394     0  9279718      1  
CD007394     0  9246742      0  
CD007394     0  9228393      0  
CD007394     0  16854172     0  
CD007394     0  9379561      0  
CD007394     0  9248745      0  
CD007394     0  9248266      0  
CD007394     0  9215251      0  
CD007394     0  9200768      0  
CD007394     0  9208052      0  
CD007394     0  9204292      0  
CD007394     0  9188920      0  
CD007394     0  9173896      0  
CD007394     0  9145515      0  
CD007394     0  9109150      0  
CD007394     0  9193861      0  
CD007394     0  9108182      0  
CD007394     0  9090064      0  
CD007394     0  9066519      0  
CD007394     0  9055421      0  
CD007394     0  9055416      0  
CD007394     0  9036799      0  
CD007394     0  9123140      0  
CD007394     0  9120237      0  
CD007394     0  9102350      0  
CD007394     0  9059985      0  
CD007394     0  9023927      0  
CD007394     0  8995367      0  
CD007394     0  18472860     0  
CD007394     0  9691499      0  
CD007394     0  9406054      0  
CD007394     0  9333708      0  
CD007394     0  9299754      0  
CD007394     0  9187854      0  
CD007394     0  9112068      0  
CD007394     0  9072010      0  
CD007394     0  9058244      0  
CD007394     0  9034733      0  
CD007394     0  8968919      0  
CD007394     0  9048873      0  
CD007394     0  9027650      0  
CD007394     0  9027442      0  
CD007394     0  8960907      0  
CD007394     0  8953717      0  
CD007394     0  9144998      0  
CD007394     0  8990530      0  
CD007394     0  8957199      0  
CD007394     0  8950114      0  
CD007394     0  8939163      0  
CD007394     0  8929397      0  
CD007394     0  8912764      0  
CD007394     0  8906220      0  
CD007394     0  20882457     0  
CD007394     0  8943743      0  
CD007394     0  8884370      0  
CD007394     0  8880501      0  
CD007394     0  8938890      0  
CD007394     0  8913648      0  
CD007394     0  8911065      0  
CD007394     0  9116880      0  
CD007394     0  8818881      0  
CD007394     0  8686977      0  
CD007394     0  8987467      0  
CD007394     0  8894766      0  
CD007394     0  8837377      0  
CD007394     0  8765818      0  
CD007394     0  8699115      0  
CD007394     0  8691508      0  
CD007394     0  8680668      0  
CD007394     0  8679226      0  
CD007394     0  8685949      0  
CD007394     0  8809544      0  
CD007394     0  8809426      0  
CD007394     0  8766373      0  
CD007394     0  8752728      0  
CD007394     0  8665060      0  
CD007394     0  8645995      0  
CD007394     0  8836337      0  
CD007394     0  8732243      0  
CD007394     0  9273358      0  
CD007394     0  8975615      0  
CD007394     0  8852911      0  
CD007394     0  8801711      0  
CD007394     0  18611704     0  
CD007394     0  8835132      0  
CD007394     0  8801087      0  
CD007394     0  8801086      1  
CD007394     0  8657718      0  
CD007394     0  9095230      0  
CD007394     0  9026084      0  
CD007394     0  8981783      0  
CD007394     0  8976030      0  
CD007394     0  8966370      0  
CD007394     0  8908281      0  
CD007394     0  8789599      0  
CD007394     0  8786752      0  
CD007394     0  8744115      0  
CD007394     0  8554317      0  
CD007394     0  8543032      0  
CD007394     0  8747778      0  
CD007394     0  8588743      0  
CD007394     0  8586691      1  
CD007394     0  8586684      0  
CD007394     0  8539288      0  
CD007394     0  8537546      0  
CD007394     0  7591135      0  
CD007394     0  8521952      0  
CD007394     0  7499689      0  
CD007394     0  7576539      0  
CD007394     0  7568239      0  
CD007394     0  8647384      0  
CD007394     0  8607563      0  
CD007394     0  8592389      0  
CD007394     0  8560740      0  
CD007394     0  7583851      0  
CD007394     0  7582030      0  
CD007394     0  7551398      0  
CD007394     0  8587585      0  
CD007394     0  7647590      0  
CD007394     0  7552925      0  
CD007394     0  8532052      0  
CD007394     0  7633719      0  
CD007394     0  7648582      0  
CD007394     0  8553991      0  
CD007394     0  8531017      0  
CD007394     0  7665670      0  
CD007394     0  7628696      0  
CD007394     0  7788514      0  
CD007394     0  7772020      0  
CD007394     0  7769291      0  
CD007394     0  7605978      0  
CD007394     0  7496151      0  
CD007394     0  8531928      0  
CD007394     0  7666302      0  
CD007394     0  7629297      0  
CD007394     0  7585696      0  
CD007394     0  7790472      0  
CD007394     0  7787181      0  
CD007394     0  7592546      0  
CD007394     0  7888788      0  
CD007394     0  7753772      0  
CD007394     0  7855032      0  
CD007394     0  7748536      0  
CD007394     0  7745300      0  
CD007394     0  7714217      0  
CD007394     0  7828463      0  
CD007394     0  9805081      0  
CD007394     0  8926621      0  
CD007394     0  8724248      0  
CD007394     0  8612007      0  
CD007394     0  8554284      0  
CD007394     0  8548126      0  
CD007394     0  8540378      0  
CD007394     0  8531015      0  
CD007394     0  7812553      0  
CD007394     0  7765866      0  
CD007394     0  7714664      0  
CD007394     0  7650587      0  
CD007394     0  7960122      0  
CD007394     0  7957259      0  
CD007394     0  8000004      0  
CD007394     0  7993094      0  
CD007394     0  7973517      0  
CD007394     0  7944001      0  
CD007394     0  7927220      0  
CD007394     0  7925444      0  
CD007394     0  7829139      0  
CD007394     0  7774963      0  
CD007394     0  23605971     0  
CD007394     0  7877862      0  
CD007394     0  7843181      0  
CD007394     0  7814575      0  
CD007394     0  7746288      0  
CD007394     0  8038618      0  
CD007394     0  7928678      0  
CD007394     0  7813502      0  
CD007394     0  8556474      0  
CD007394     0  8083067      0  
CD007394     0  7805687      0  
CD007394     0  7518969      0  
CD007394     0  8006306      0  
CD007394     0  7898510      0  
CD007394     0  8209207      0  
CD007394     0  8195680      0  
CD007394     0  8182235      0  
CD007394     0  8087658      0  
CD007394     0  8070315      0  
CD007394     0  8070314      0  
CD007394     0  7810274      0  
CD007394     0  8163786      0  
CD007394     0  8037357      0  
CD007394     0  8194071      0  
CD007394     0  23605921     0  
CD007394     0  8195392      0  
CD007394     0  8193421      0  
CD007394     0  8112866      0  
CD007394     0  8011808      0  
CD007394     0  7845416      0  
CD007394     0  8150974      0  
CD007394     0  8106769      0  
CD007394     0  8306981      0  
CD007394     0  8283139      0  
CD007394     0  8277946      0  
CD007394     0  8276189      0  
CD007394     0  8168555      0  
CD007394     0  8114372      0  
CD007394     0  8079074      0  
CD007394     0  7965494      0  
CD007394     0  7609746      0  
CD007394     0  7536840      0  
CD007394     0  7508461      0  
CD007394     0  7496924      0  
CD007394     0  8294015      0  
CD007394     0  8277389      0  
CD007394     0  8022463      0  
CD007394     0  8214995      0  
CD007394     0  8406876      0  
CD007394     0  8285610      0  
CD007394     0  8277259      0  
CD007394     0  8246885      0  
CD007394     0  8246256      0  
CD007394     0  8227861      0  
CD007394     0  7935565      0  
CD007394     0  7764387      0  
CD007394     0  7764343      0  
CD007394     0  7764298      0  
CD007394     0  10780892     0  
CD007394     0  10780890     0  
CD007394     0  8291200      0  
CD007394     0  24420213     0  
CD007394     0  8408572      0  
CD007394     0  8368653      0  
CD007394     0  8352373      0  
CD007394     0  8351356      0  
CD007394     0  8368845      0  
CD007394     0  8284952      0  
CD007394     0  8235942      0  
CD007394     0  8213847      0  
CD007394     0  8212681      0  
CD007394     0  8398091      0  
CD007394     0  8360523      0  
CD007394     0  8341095      0  
CD007394     0  8320488      0  
CD007394     0  8257396      0  
CD007394     0  8114802      0  
CD007394     0  8513878      0  
CD007394     0  8413500      0  
CD007394     0  8131197      0  
CD007394     0  8508749      0  
CD007394     0  8406634      0  
CD007394     0  8354480      0  
CD007394     0  7618240      0  
CD007394     0  8355644      0  
CD007394     0  8326995      0  
CD007394     0  8319120      0  
CD007394     0  8445291      0  
CD007394     0  8383593      0  
CD007394     0  8507937      0  
CD007394     0  8469086      0  
CD007394     0  8468494      0  
CD007394     0  8461406      0  
CD007394     0  8456571      0  
CD007394     0  8432735      0  
CD007394     0  8430958      0  
CD007394     0  8455182      0  
CD007394     0  8439816      0  
CD007394     0  8397916      0  
CD007394     0  8368157      0  
CD007394     0  8324389      0  
CD007394     0  8309310      0  
CD007394     0  8296152      0  
CD007394     0  8265852      0  
CD007394     0  8242803      0  
CD007394     0  8214814      0  
CD007394     0  1452033      0  
CD007394     0  1363631      0  
CD007394     0  1281180      0  
CD007394     0  1431110      0  
CD007394     0  1480209      0  
CD007394     0  1401642      0  
CD007394     0  1485863      0  
CD007394     0  1383191      0  
CD007394     0  1459118      0  
CD007394     0  1404540      0  
CD007394     0  1644844      0  
CD007394     0  1508158      0  
CD007394     0  1402105      0  
CD007394     0  1624793      0  
CD007394     0  1612736      0  
CD007394     0  1512575      0  
CD007394     0  1512574      0  
CD007394     0  1495474      0  
CD007394     0  1421313      0  
CD007394     0  1417585      0  
CD007394     0  1405104      0  
CD007394     0  1596022      0  
CD007394     0  1402236      0  
CD007394     0  1607551      0  
CD007394     0  1512093      0  
CD007394     0  1375195      0  
CD007394     0  1322186      0  
CD007394     0  1599871      0  
CD007394     0  1497336      0  
CD007394     0  1397200      0  
CD007394     0  1373339      0  
CD007394     0  1583388      0  
CD007394     0  1563634      0  
CD007394     0  1562266      0  
CD007394     0  1377093      0  
CD007394     0  1562594      0  
CD007394     0  1541546      0  
CD007394     0  1562691      0  
CD007394     0  1562681      0  
CD007394     0  1537906      0  
CD007394     0  1372432      0  
CD007394     0  1371045      0  
CD007394     0  1368777      0  
CD007394     0  9768220      0  
CD007394     0  1731061      0  
CD007394     0  1633294      0  
CD007394     0  1612654      0  
CD007394     0  1593492      0  
CD007394     0  1584066      0  
CD007394     0  1568029      0  
CD007394     0  1539145      0  
CD007394     0  1485005      0  
CD007394     0  1818547      0  
CD007394     0  1682800      0  
CD007394     0  1774238      0  
CD007394     0  1940388      0  
CD007394     0  1913824      0  
CD007394     0  1939562      0  
CD007394     0  1772354      0  
CD007394     0  1759818      0  
CD007394     0  1747861      0  
CD007394     0  1934135      0  
CD007394     0  1934134      0  
CD007394     0  1890268      0  
CD007394     0  1877535      0  
CD007394     0  1776466      0  
CD007394     0  1761400      0  
CD007394     0  1855978      0  
CD007394     0  1839517      0  
CD007394     0  2037796      0  
CD007394     0  1923595      0  
CD007394     0  1855375      0  
CD007394     0  1897689      0  
CD007394     0  2070134      0  
CD007394     0  1367012      0  
CD007394     0  1878881      0  
CD007394     0  1998483      0  
CD007394     0  1997436      0  
CD007394     0  1749392      0  
CD007394     0  1706370      0  
CD007394     0  16348418     0  
CD007394     0  2039083      0  
CD007394     0  2039078      0  
CD007394     0  1994786      0  
CD007394     0  1993855      0  
CD007394     0  1995716      0  
CD007394     0  1991145      0  
CD007394     0  2071555      0  
CD007394     0  1987045      0  
CD007394     0  1987044      0  
CD007394     0  1954837      0  
CD007394     0  1916435      0  
CD007394     0  1820360      0  
CD007394     0  1820356      0  
CD007394     0  1814275      0  
CD007394     0  1809694      0  
CD007394     0  2177074      0  
CD007394     0  1979418      0  
CD007394     0  2258912      0  
CD007394     0  2099362      0  
CD007394     0  2076554      0  
CD007394     0  2076553      0  
CD007394     0  1978070      0  
CD007394     0  2288495      0  
CD007394     0  2230656      0  
CD007394     0  2230542      0  
CD007394     0  2258049      0  
CD007394     0  2229814      0  
CD007394     0  2178052      0  
CD007394     0  2144896      0  
CD007394     0  2253084      0  
CD007394     0  2250647      0  
CD007394     0  2229387      0  
CD007394     0  2204899      0  
CD007394     0  2225145      0  
CD007394     0  2175766      0  
CD007394     0  2229227      0  
CD007394     0  2199519      0  
CD007394     0  2194959      0  
CD007394     0  2165878      0  
CD007394     0  2163668      0  
CD007394     0  2120181      0  
CD007394     0  2194669      0  
CD007394     0  2203361      0  
CD007394     0  2183637      0  
CD007394     0  1366537      0  
CD007394     0  2115487      0  
CD007394     0  2360327      0  
CD007394     0  2331322      0  
CD007394     0  2327613      0  
CD007394     0  2198374      0  
CD007394     0  2326614      0  
CD007394     0  2312993      0  
CD007394     0  2188321      0  
CD007394     0  2179434      0  
CD007394     0  1690004      0  
CD007394     0  2182390      0  
CD007394     0  2367456      0  
CD007394     0  2367358      0  
CD007394     0  2192129      0  
CD007394     0  2191220      0  
CD007394     0  2405341      0  
CD007394     0  2386604      0  
CD007394     0  2352056      0  
CD007394     0  2284583      0  
CD007394     0  2210557      0  
CD007394     0  2187818      0  
CD007394     0  2185869      0  
CD007394     0  2183644      0  
CD007394     0  2128104      0  
CD007394     0  2109199      0  
CD007394     0  2107178      0  
CD007394     0  2101864      0  
CD007394     0  2093121      0  
CD007394     0  2687424      0  
CD007394     0  2596762      0  
CD007394     0  2589397      0  
CD007394     0  2692798      0  
CD007394     0  2690287      0  
CD007394     0  2532389      0  
CD007394     0  2511230      0  
CD007394     0  2693947      0  
CD007394     0  2685598      0  
CD007394     0  2684845      0  
CD007394     0  2811014      0  
CD007394     0  2778243      0  
CD007394     0  2693965      0  
CD007394     0  2686148      0  
CD007394     0  2674194      0  
CD007394     0  2671215      0  
CD007394     0  2764017      0  
CD007394     0  2680477      0  
CD007394     0  2698122      0  
CD007394     0  2677714      0  
CD007394     0  2666440      0  
CD007394     0  2656883      0  
CD007394     0  2473507      0  
CD007394     0  2730149      0  
CD007394     0  2783035      0  
CD007394     0  2670365      0  
CD007394     0  2654008      0  
CD007394     0  2651510      0  
CD007394     0  2525438      0  
CD007394     0  2522977      0  
CD007394     0  2502527      0  
CD007394     0  2497015      0  
CD007394     0  2466902      0  
CD007394     0  2917790      0  
CD007394     0  2500384      0  
CD007394     0  2499786      0  
CD007394     0  2493390      0  
CD007394     0  2670140      0  
CD007394     0  2741129      0  
CD007394     0  2709653      0  
CD007394     0  2707882      0  
CD007394     0  2659757      0  
CD007394     0  2658023      0  
CD007394     0  2651315      0  
CD007394     0  2643370      0  
CD007394     0  2613343      0  
CD007394     0  2585333      0  
CD007394     0  2490088      0  
CD007394     0  3204251      0  
CD007394     0  3071196      0  
CD007394     0  3062092      0  
CD007394     0  3244923      0  
CD007394     0  3171354      0  
CD007394     0  3139729      0  
CD007394     0  3151663      0  
CD007394     0  3076189      0  
CD007394     0  3045451      0  
CD007394     0  2848632      0  
CD007394     0  3046514      0  
CD007394     0  3042878      0  
CD007394     0  3042837      0  
CD007394     0  3392373      0  
CD007394     0  3152275      0  
CD007394     0  3140016      0  
CD007394     0  3137153      0  
CD007394     0  2457159      0  
CD007394     0  3286316      0  
CD007394     0  3281999      0  
CD007394     0  3288457      0  
CD007394     0  3281728      0  
CD007394     0  3279096      0  
CD007394     0  3131949      0  
CD007394     0  3123541      0  
CD007394     0  3276138      0  
CD007394     0  3152082      0  
CD007394     0  3150691      0  
CD007394     0  3147375      0  
CD007394     0  3123399      0  
CD007394     0  3077714      0  
CD007394     0  3045013      0  
CD007394     0  2454152      0  
CD007394     0  2452531      0  
CD007394     0  3693760      0  
CD007394     0  3325629      0  
CD007394     0  3329002      0  
CD007394     0  3126020      0  
CD007394     0  3319301      0  
CD007394     0  3318540      0  
CD007394     0  3308679      0  
CD007394     0  3121779      0  
CD007394     0  3330331      0  
CD007394     0  3136529      0  
CD007394     0  3312558      0  
CD007394     0  3113304      0  
CD007394     0  3312024      0  
CD007394     0  3117779      0  
CD007394     0  3556066      0  
CD007394     0  3302198      0  
CD007394     0  3549914      0  
CD007394     0  3299100      0  
CD007394     0  3294887      0  
CD007394     0  3549841      0  
CD007394     0  3110398      0  
CD007394     0  2957876      0  
CD007394     0  3552386      0  
CD007394     0  3296104      0  
CD007394     0  2438068      0  
CD007394     0  3819216      0  
CD007394     0  3545659      0  
CD007394     0  3541723      0  
CD007394     0  3805546      0  
CD007394     0  3600944      0  
CD007394     0  3566045      0  
CD007394     0  3540137      0  
CD007394     0  3539998      0  
CD007394     0  3323853      0  
CD007394     0  3321416      0  
CD007394     0  3112026      0  
CD007394     0  3098861      0  
CD007394     0  2823667      0  
CD007394     0  3774662      0  
CD007394     0  3490949      0  
CD007394     0  3102382      0  
CD007394     0  3779941      0  
CD007394     0  3490933      0  
CD007394     0  3765953      0  
CD007394     0  3532635      0  
CD007394     0  3532634      0  
CD007394     0  3532633      0  
CD007394     0  3532632      0  
CD007394     0  3527473      0  
CD007394     0  3522709      0  
CD007394     0  3094289      0  
CD007394     0  3516103      0  
CD007394     0  2426444      0  
CD007394     0  3958392      0  
CD007394     0  3516034      0  
CD007394     0  3521548      0  
CD007394     0  3512843      0  
CD007394     0  2420821      0  
CD007394     0  3700367      0  
CD007394     0  3484920      0  
CD007394     0  3085531      0  
CD007394     0  3013242      0  
CD007394     0  3789703      0  
CD007394     0  3765706      0  
CD007394     0  3764353      0  
CD007394     0  3522437      0  
CD007394     0  2419255      0  
CD007394     0  3910599      0  
CD007394     0  3833108      0  
CD007394     0  3911818      0  
CD007394     0  3910731      0  
CD007394     0  3905872      0  
CD007394     0  3900240      0  
CD007394     0  3877475      0  
CD007394     0  4048060      0  
CD007394     0  3900143      0  
CD007394     0  2411467      0  
CD007394     0  3901333      0  
CD007394     0  4008814      0  
CD007394     0  3924983      0  
CD007394     0  3925546      0  
CD007394     0  3986142      0  
CD007394     0  3898993      0  
CD007394     0  3891592      0  
CD007394     0  3980087      0  
CD007394     0  3925571      0  
CD007394     0  3884714      0  
CD007394     0  3899058      0  
CD007394     0  3889593      0  
CD007394     0  3847303      0  
CD007394     0  3993865      0  
CD007394     0  3930574      0  
CD007394     0  3930408      0  
CD007394     0  3926825      0  
CD007394     0  3904255      0  
CD007394     0  3892239      0  
CD007394     0  3891635      0  
CD007394     0  2409726      0  
CD007394     0  6392421      0  
CD007394     0  6397961      0  
CD007394     0  6334111      0  
CD007394     0  6436783      0  
CD007394     0  6390082      0  
CD007394     0  6389649      0  
CD007394     0  6392888      0  
CD007394     0  6392881      0  
CD007394     0  6237100      0  
CD007394     0  6488512      0  
CD007394     0  6208828      0  
CD007394     0  6493314      0  
CD007394     0  6384773      0  
CD007394     0  6378811      0  
CD007394     0  6373891      0  
CD007394     0  6372479      0  
CD007394     0  6425387      0  
CD007394     0  6377438      0  
CD007394     0  6331399      0  
CD007394     0  6379582      0  
CD007394     0  6376702      0  
CD007394     0  6367457      0  
CD007394     0  6363547      0  
CD007394     0  6443202      0  
CD007394     0  6422293      0  
CD007394     0  6421747      0  
CD007394     0  6397481      0  
CD007394     0  6394433      0  
CD007394     0  6379918      0  
CD007394     0  6373622      0  
CD007394     0  6365791      0  
CD007394     0  6363306      0  
CD007394     0  6319306      0  
CD007394     0  6209813      0  
CD007394     0  6605984      0  
CD007394     0  6359996      0  
CD007394     0  6229467      0  
CD007394     0  6614602      0  
CD007394     0  6411795      0  
CD007394     0  6356408      0  
CD007394     0  6363780      0  
CD007394     0  6347893      0  
CD007394     0  6347877      0  
CD007394     0  6192954      0  
CD007394     0  6859719      0  
CD007394     0  6358537      0  
CD007394     0  6351661      0  
CD007394     0  6880743      0  
CD007394     0  6407419      0  
CD007394     0  6348977      0  
CD007394     0  6854194      0  
CD007394     0  6406541      0  
CD007394     0  6340490      0  
CD007394     0  6342173      0  
CD007394     0  6337264      0  
CD007394     0  6402546      0  
CD007394     0  6855621      0  
CD007394     0  6600385      0  
CD007394     0  6401419      0  
CD007394     0  6364900      0  
CD007394     0  6337106      0  
CD007394     0  6754984      0  
CD007394     0  7148753      0  
CD007394     0  6759936      0  
CD007394     0  6293753      0  
CD007394     0  6296961      0  
CD007394     0  7116961      0  
CD007394     0  6813358      0  
CD007394     0  6763647      0  
CD007394     0  6183785      0  
CD007394     0  7124764      0  
CD007394     0  6982789      0  
CD007394     0  6813743      0  
CD007394     0  7103150      0  
CD007394     0  7050165      0  
CD007394     0  6812448      0  
CD007394     0  6281592      0  
CD007394     0  6805156      0  
CD007394     0  6801788      0  
CD007394     0  7038011      0  
CD007394     0  6956241      0  
CD007394     0  6948978      0  
CD007394     0  6818482      0  
CD007394     0  6281607      0  
CD007394     0  6190218      0  
CD007394     0  6801921      0  
CD007394     0  6176152      0  
CD007394     0  7333002      0  
CD007394     0  7026647      0  
CD007394     0  7296808      0  
CD007394     0  7020504      0  
CD007394     0  6168556      0  
CD007394     0  7011404      0  
CD007394     0  7027777      0  
CD007394     0  6161952      0  
CD007394     0  6971763      0  
CD007394     0  6781385      0  
CD007394     0  7031134      0  
CD007394     0  7024298      0  
CD007394     0  7008988      0  
CD007394     0  7437073      0  
CD007394     0  7417529      0  
CD007394     0  7008641      0  
CD007394     0  7001651      0  
CD007394     0  7406254      0  
CD007394     0  7449074      0  
CD007394     0  7192501      0  
CD007394     0  7004662      0  
CD007394     0  7387020      0  
CD007394     0  7381300      0  
CD007394     0  7396594      0  
CD007394     0  6989934      0  
CD007394     0  6995833      0  
CD007394     0  6776945      0  
CD007394     0  6988011      0  
CD007394     0  7361807      0  
CD007394     0  6993041      0  
CD007394     0  6967864      0  
CD007394     0  6990268      0  
CD007394     0  7390639      0  
CD007394     0  6997211      0  
CD007394     0  6779440      0  
CD007394     0  6766286      0  
CD007394     0  94341        0  
CD007394     0  118999       0  
CD007394     0  117951       0  
CD007394     0  495632       0  
CD007394     0  383620       0  
CD007394     0  113131       0  
CD007394     0  384254       0  
CD007394     0  429715       0  
CD007394     0  571652       0  
CD007394     0  376756       0  
CD007394     0  87284        0  
CD007394     0  761550       0  
CD007394     0  469266       0  
CD007394     0  370030       0  
CD007394     0  366048       0  
CD007394     0  121207       0  
CD007394     0  102184       0  
CD007394     0  738437       0  
CD007394     0  366295       0  
CD007394     0  364887       0  
CD007394     0  101104       0  
CD007394     0  697183       0  
CD007394     0  350109       0  
CD007394     0  116327       0  
CD007394     0  639694       0  
CD007394     0  662625       0  
CD007394     0  564918       0  
CD007394     0  416063       0  
CD007394     0  75900        0  
CD007394     0  389368       0  
CD007394     0  369730       0  
CD007394     0  348345       0  
CD007394     0  348344       0  
CD007394     0  756761       0  
CD007394     0  414857       0  
CD007394     0  367625       0  
CD007394     0  342606       0  
CD007394     0  107579       0  
CD007394     0  100400       0  
CD007394     0  329764       0  
CD007394     0  201010       0  
CD007394     0  856795       0  
CD007394     0  326434       0  
CD007394     0  321971       0  
CD007394     0  792812       0  
CD007394     0  795563       0  
CD007394     0  788951       0  
CD007394     0  828358       0  
CD007394     0  932340       0  
CD007394     0  946540       0  
CD007394     0  816237       0  
CD007394     0  772255       0  
CD007394     0  1100007      0  
CD007394     0  1104918      0  
CD007394     0  804991       0  
CD007394     0  1097279      0  
CD007394     0  4155904      0  
CD007394     0  4842723      0  
CD007394     0  4283487      0  
CD007394     0  4205309      0  
CD007394     0  4132122      0  
CD007394     0  4202251      0  
CD007394     0  4201015      0  
CD007394     0  4217903      0  
CD007394     0  4591325      0  
CD007394     0  4634122      0  
CD007394     0  5044224      0  
CD007394     0  4622826      0  
CD007394     0  5550348      0  
CD007394     0  4990946      0  
CD007394     0  4991316      0  
CD007394     0  4987534      0  
CD007394     0  5653748      0  
CD007394     0  5302655      0  
CD007394     0  14339012     0  
CD007394     0  14312961     0  
CD007394     0  14232097     0  
CD007394     0  13702521     0  
CD007394     0  13209369     0  
