CD009020     0  21444007     0  
CD009020     0  21440460     0  
CD009020     0  21411687     0  
CD009020     0  21434791     0  
CD009020     0  21434498     0  
CD009020     0  21429776     0  
CD009020     0  21427446     0  
CD009020     0  21414546     0  
CD009020     0  21398147     0  
CD009020     0  21393644     0  
CD009020     0  21387327     0  
CD009020     0  21369479     0  
CD009020     0  21368093     0  
CD009020     0  21358247     0  
CD009020     0  21350064     0  
CD009020     0  21335343     0  
CD009020     0  21324416     0  
CD009020     0  21318383     0  
CD009020     0  21310940     0  
CD009020     0  21307715     0  
CD009020     0  21294368     0  
CD009020     0  21277807     0  
CD009020     0  21277734     0  
CD009020     0  21269421     0  
CD009020     0  21267574     0  
CD009020     0  21261028     0  
CD009020     0  21258779     0  
CD009020     0  21240157     0  
CD009020     0  21223748     0  
CD009020     0  21208449     0  
CD009020     0  21189357     0  
CD009020     0  21176900     0  
CD009020     0  21176658     0  
CD009020     0  21161250     0  
CD009020     0  21160018     0  
CD009020     0  21151852     0  
CD009020     0  21148143     0  
CD009020     0  21138564     0  
CD009020     0  21126848     0  
CD009020     0  21119934     0  
CD009020     0  21112475     0  
CD009020     0  21106404     0  
CD009020     0  21098844     0  
CD009020     0  21098196     0  
CD009020     0  21098177     0  
CD009020     0  21094406     0  
CD009020     0  21094403     0  
CD009020     0  21094402     0  
CD009020     0  21088956     0  
CD009020     0  21088456     0  
CD009020     0  21084574     0  
CD009020     0  21084572     0  
CD009020     0  21053871     0  
CD009020     0  21052116     0  
CD009020     0  21030564     0  
CD009020     0  21030274     0  
CD009020     0  20970761     0  
CD009020     0  20965645     0  
CD009020     0  20965626     0  
CD009020     0  20957795     0  
CD009020     0  20949326     0  
CD009020     0  20932296     0  
CD009020     0  20926731     0  
CD009020     0  20884978     0  
CD009020     0  20875724     0  
CD009020     0  20875720     0  
CD009020     0  20875523     0  
CD009020     0  20870349     0  
CD009020     0  20844178     0  
CD009020     0  20850042     0  
CD009020     0  20848574     0  
CD009020     0  20846159     0  
CD009020     0  20844777     0  
CD009020     0  20844774     0  
CD009020     0  20829415     0  
CD009020     0  20824269     0  
CD009020     0  20818664     0  
CD009020     0  20808696     0  
CD009020     0  20806759     0  
CD009020     0  20733590     0  
CD009020     0  20729432     0  
CD009020     0  20720072     0  
CD009020     0  20713275     0  
CD009020     0  20710092     0  
CD009020     0  20690871     0  
CD009020     0  20675154     0  
CD009020     0  20675153     0  
CD009020     0  20655763     0  
CD009020     0  20636254     0  
CD009020     0  20621524     0  
CD009020     0  20617916     0  
CD009020     0  20607465     0  
CD009020     0  20595569     0  
CD009020     0  20578021     0  
CD009020     0  20563802     0  
CD009020     0  20559798     0  
CD009020     0  20543217     0  
CD009020     0  20532011     0  
CD009020     0  20526849     0  
CD009020     0  20514507     0  
CD009020     0  20512880     0  
CD009020     0  20511030     0  
CD009020     0  20510631     0  
CD009020     0  20506954     0  
CD009020     0  20505629     0  
CD009020     0  20471342     0  
CD009020     0  20450423     0  
CD009020     0  20439653     0  
CD009020     0  20436053     0  
CD009020     0  20428862     0  
CD009020     0  20421173     0  
CD009020     0  20421169     0  
CD009020     0  20415310     0  
CD009020     0  20414859     0  
CD009020     0  20404756     0  
CD009020     0  20401480     0  
CD009020     0  20392649     0  
CD009020     0  20376896     0  
CD009020     0  20372911     0  
CD009020     0  20371556     0  
CD009020     0  20363160     0  
CD009020     0  20363159     0  
CD009020     0  20360518     0  
CD009020     0  20360505     0  
CD009020     0  20308974     0  
CD009020     0  20306958     0  
CD009020     0  20188275     0  
CD009020     0  20188265     0  
CD009020     0  20206055     0  
CD009020     0  20206053     0  
CD009020     0  20206051     0  
CD009020     0  20198404     0  
CD009020     0  20194317     0  
CD009020     0  20179563     0  
CD009020     0  20158433     0  
CD009020     0  20141993     0  
CD009020     0  20130480     0  
CD009020     0  20117623     0  
CD009020     0  20103576     0  
CD009020     0  20094853     0  
CD009020     0  20082510     0  
CD009020     0  20065375     0  
CD009020     0  20049352     0  
CD009020     0  20048492     0  
CD009020     0  20048092     0  
CD009020     0  20040768     0  
CD009020     0  20033673     0  
CD009020     0  20033149     0  
CD009020     0  20020125     0  
CD009020     0  20001474     0  
CD009020     0  19999869     0  
CD009020     0  19998033     0  
CD009020     0  19963404     0  
CD009020     0  19963403     0  
CD009020     0  19955165     0  
CD009020     0  19941361     0  
CD009020     0  19941245     0  
CD009020     0  19933654     0  
CD009020     0  19918423     0  
CD009020     0  19898856     0  
CD009020     0  19887291     0  
CD009020     0  19885061     0  
CD009020     0  19863417     0  
CD009020     0  19826811     0  
CD009020     0  19824592     0  
CD009020     0  19818700     0  
CD009020     0  19817195     0  
CD009020     0  19801287     0  
CD009020     0  19797571     0  
CD009020     0  19788957     0  
CD009020     0  19784644     0  
CD009020     0  19774825     0  
CD009020     0  19766022     0  
CD009020     0  19763715     0  
CD009020     0  19763696     0  
CD009020     0  19762407     0  
CD009020     0  19760471     0  
CD009020     0  19753994     0  
CD009020     0  19752204     0  
CD009020     0  19750444     0  
CD009020     0  19734058     0  
CD009020     0  19732525     0  
CD009020     0  19730855     0  
CD009020     0  19727754     0  
CD009020     0  19725488     0  
CD009020     0  19711170     0  
CD009020     0  19708627     0  
CD009020     0  19696281     0  
CD009020     0  19685265     0  
CD009020     0  19685061     0  
CD009020     0  19651951     0  
CD009020     0  19651947     0  
CD009020     0  19629607     0  
CD009020     0  19627936     1  
CD009020     0  19627884     0  
CD009020     0  19618154     0  
CD009020     0  19609774     0  
CD009020     0  19586809     0  
CD009020     0  19567856     0  
CD009020     0  19559372     0  
CD009020     0  19556150     0  
CD009020     0  19556145     0  
CD009020     0  19543893     0  
CD009020     0  19541525     0  
CD009020     0  19540777     0  
CD009020     0  19533125     0  
CD009020     0  19531660     0  
CD009020     0  19525129     0  
CD009020     0  19507473     0  
CD009020     0  19503046     1  
CD009020     0  19502669     0  
CD009020     0  19501287     0  
CD009020     0  19501286     0  
CD009020     0  19501285     0  
CD009020     0  19499278     0  
CD009020     0  19487518     0  
CD009020     0  19481859     0  
CD009020     0  19480907     1  
CD009020     0  19462766     0  
CD009020     0  19458930     0  
CD009020     0  19457838     0  
CD009020     0  19451760     0  
CD009020     0  19450245     0  
CD009020     0  19448877     0  
CD009020     0  19448361     0  
CD009020     0  19434410     0  
CD009020     0  19428285     0  
CD009020     0  19411453     0  
CD009020     0  19409148     0  
CD009020     0  19384483     0  
CD009020     0  19359418     0  
CD009020     0  19358488     0  
CD009020     0  19357996     0  
CD009020     0  19349223     0  
CD009020     0  19347412     0  
CD009020     0  19307331     0  
CD009020     0  19302053     0  
CD009020     0  19294378     0  
CD009020     0  19294377     0  
CD009020     0  19292357     0  
CD009020     0  19292319     0  
CD009020     0  19283436     0  
CD009020     0  19276777     0  
CD009020     0  19269861     0  
CD009020     0  19261424     0  
CD009020     0  19260383     0  
CD009020     0  19252895     0  
CD009020     0  19250238     0  
CD009020     0  20690485     0  
CD009020     0  19234269     0  
CD009020     0  19226041     0  
CD009020     0  19225775     1  
CD009020     0  19214690     0  
CD009020     0  19213574     0  
CD009020     0  19204551     0  
CD009020     0  19204549     0  
CD009020     0  19204365     0  
CD009020     0  19204363     0  
CD009020     0  19190054     0  
CD009020     0  19190053     0  
CD009020     0  19184264     0  
CD009020     0  19181972     0  
CD009020     0  19171279     0  
CD009020     0  19155413     1  
CD009020     0  19155379     0  
CD009020     0  19153543     0  
CD009020     0  19134085     0  
CD009020     0  19133432     0  
CD009020     0  20616950     0  
CD009020     0  19098184     1  
CD009020     0  19095462     0  
CD009020     0  19089538     0  
CD009020     0  19087338     0  
CD009020     0  19064147     0  
CD009020     0  19064146     0  
CD009020     0  19059895     0  
CD009020     0  19052931     1  
CD009020     0  19046640     0  
CD009020     0  19038720     0  
CD009020     0  19023644     0  
CD009020     0  18996735     0  
CD009020     0  18996236     0  
CD009020     0  18978411     0  
CD009020     0  18941855     0  
CD009020     0  18937522     0  
CD009020     0  18829940     0  
CD009020     0  18829919     0  
CD009020     0  18827245     0  
CD009020     0  18818103     0  
CD009020     0  18814056     1  
CD009020     0  18806513     0  
CD009020     0  18799326     0  
CD009020     0  18789118     0  
CD009020     0  18774738     0  
CD009020     0  18774737     0  
CD009020     0  18760207     0  
CD009020     0  18719334     0  
CD009020     0  18718766     0  
CD009020     0  18718765     0  
CD009020     0  18712359     0  
CD009020     0  18703980     0  
CD009020     0  18700681     0  
CD009020     0  18696194     0  
CD009020     0  18661565     0  
CD009020     0  18658021     0  
CD009020     0  18657747     0  
CD009020     0  18651142     0  
CD009020     0  18618117     0  
CD009020     0  18608021     0  
CD009020     0  18601817     1  
CD009020     0  18601813     1  
CD009020     0  18598814     0  
CD009020     0  18592217     0  
CD009020     0  18591763     0  
CD009020     0  18591598     0  
CD009020     0  18591587     0  
CD009020     0  18589276     0  
CD009020     0  18564471     0  
CD009020     0  18562731     0  
CD009020     0  18561829     0  
CD009020     0  18542952     0  
CD009020     0  18509792     0  
CD009020     0  18509791     0  
CD009020     0  18503815     0  
CD009020     0  18499376     0  
CD009020     0  18492882     0  
CD009020     0  18463295     0  
CD009020     0  18458243     0  
CD009020     0  18457932     0  
CD009020     0  18453678     0  
CD009020     0  18449121     0  
CD009020     0  18443279     0  
CD009020     0  18443274     0  
CD009020     0  18430537     0  
CD009020     0  18427754     0  
CD009020     0  18412933     1  
CD009020     0  18410039     0  
CD009020     0  18408632     0  
CD009020     0  18400443     0  
CD009020     0  18392621     0  
CD009020     0  18389040     1  
CD009020     0  18388345     0  
CD009020     0  18387766     0  
CD009020     0  18185444     0  
CD009020     0  18375271     0  
CD009020     0  18372195     0  
CD009020     0  18356462     0  
CD009020     0  18327800     0  
CD009020     0  18326164     0  
CD009020     0  18323345     0  
CD009020     0  18323257     0  
CD009020     0  18320377     0  
CD009020     0  18312783     0  
CD009020     0  18310702     0  
CD009020     0  18300628     0  
CD009020     0  18287426     0  
CD009020     0  18275784     0  
CD009020     0  18273602     0  
CD009020     0  18264850     0  
CD009020     0  18256834     0  
CD009020     0  18201655     0  
CD009020     0  18219547     0  
CD009020     0  18207434     0  
CD009020     0  18205566     1  
CD009020     0  18196255     0  
CD009020     0  18183574     0  
CD009020     0  21264148     0  
CD009020     0  19666387     0  
CD009020     0  18162412     0  
CD009020     0  18160501     0  
CD009020     0  18160242     1  
CD009020     0  18157491     0  
CD009020     0  18095244     0  
CD009020     0  18094290     0  
CD009020     0  18085187     0  
CD009020     0  18084169     0  
CD009020     0  18069013     0  
CD009020     0  18065926     0  
CD009020     0  18063457     0  
CD009020     0  18063188     0  
CD009020     0  18063185     0  
CD009020     0  18046179     0  
CD009020     0  18004606     0  
CD009020     0  17986401     0  
CD009020     0  17980629     0  
CD009020     0  17974893     0  
CD009020     0  17974879     0  
CD009020     0  17954658     0  
CD009020     0  17951350     0  
CD009020     0  17932406     0  
CD009020     0  17931909     0  
CD009020     0  17931908     0  
CD009020     0  17931904     0  
CD009020     0  17916487     0  
CD009020     0  17912520     0  
CD009020     0  17912513     0  
CD009020     0  17906420     0  
CD009020     0  17901945     0  
CD009020     0  17896393     0  
CD009020     0  17891375     0  
CD009020     0  17889340     0  
CD009020     0  17885069     0  
CD009020     0  17882047     0  
CD009020     0  17825744     0  
CD009020     0  17768188     0  
CD009020     0  17728506     0  
CD009020     0  17713757     0  
CD009020     0  17704907     0  
CD009020     0  17703378     0  
CD009020     0  17681214     0  
CD009020     0  17671017     0  
CD009020     0  17671016     0  
CD009020     0  17665351     0  
CD009020     0  17659559     1  
CD009020     0  17629505     0  
CD009020     0  17624527     0  
CD009020     0  17622545     0  
CD009020     0  17606793     0  
CD009020     0  17598944     0  
CD009020     0  17596002     0  
CD009020     0  17581904     0  
CD009020     0  17574875     0  
CD009020     0  17564776     0  
CD009020     0  17563662     0  
CD009020     0  17545428     0  
CD009020     0  17541370     0  
CD009020     0  17520851     0  
CD009020     0  17508210     0  
CD009020     0  17507248     0  
CD009020     0  17504318     0  
CD009020     0  17504312     1  
CD009020     0  17496066     0  
CD009020     0  17489013     0  
CD009020     0  17483728     0  
CD009020     0  17478283     0  
CD009020     0  17473131     0  
CD009020     0  17473128     0  
CD009020     0  17467393     0  
CD009020     0  17448694     0  
CD009020     0  17441667     0  
CD009020     0  17440708     0  
CD009020     0  17418345     0  
CD009020     0  17415560     0  
CD009020     0  17410365     0  
CD009020     0  17408977     0  
CD009020     0  17403801     0  
CD009020     0  17403336     0  
CD009020     0  17398265     0  
CD009020     0  17393674     0  
CD009020     0  17390133     0  
CD009020     0  17380330     0  
CD009020     0  17379917     0  
CD009020     0  17379541     0  
CD009020     0  17375296     0  
CD009020     0  17361872     0  
CD009020     0  17349411     0  
CD009020     0  17337727     0  
CD009020     0  17334761     1  
CD009020     0  17332121     0  
CD009020     0  17308479     0  
CD009020     0  17308477     0  
CD009020     0  17289860     0  
CD009020     0  17233496     0  
CD009020     0  17225150     0  
CD009020     0  17213772     0  
CD009020     0  17210431     0  
CD009020     0  17196721     0  
CD009020     0  17196354     0  
CD009020     0  17195127     0  
CD009020     0  17187634     0  
CD009020     0  17169582     0  
CD009020     0  17158276     0  
CD009020     0  17157744     0  
CD009020     0  17157728     0  
CD009020     0  17152055     0  
CD009020     0  17149764     1  
CD009020     0  17148619     0  
CD009020     0  17142436     0  
CD009020     0  17139865     0  
CD009020     0  17139864     0  
CD009020     0  17138640     0  
CD009020     0  17137058     0  
CD009020     0  17088751     0  
CD009020     0  17087881     0  
CD009020     0  17076461     0  
CD009020     0  17075837     0  
CD009020     0  17075105     0  
CD009020     0  17057069     0  
CD009020     0  17055750     0  
CD009020     0  17055299     0  
CD009020     0  17042899     0  
CD009020     0  17042025     0  
CD009020     0  17027418     0  
CD009020     0  17021902     0  
CD009020     0  17012434     0  
CD009020     0  16985129     1  
CD009020     0  16979049     0  
CD009020     0  16979047     0  
CD009020     0  16969638     1  
CD009020     0  16958438     0  
CD009020     0  16943859     0  
CD009020     0  16927096     0  
CD009020     0  16927071     0  
CD009020     0  16910855     0  
CD009020     0  16910603     0  
CD009020     0  16905894     0  
CD009020     0  16904579     0  
CD009020     0  16890886     0  
CD009020     0  16882890     0  
CD009020     0  16870821     0  
CD009020     0  16869012     0  
CD009020     0  16861541     0  
CD009020     0  16848145     0  
CD009020     0  16846763     0  
CD009020     0  16846761     0  
CD009020     0  16845547     0  
CD009020     0  16844931     0  
CD009020     0  16831639     0  
CD009020     0  16829248     0  
CD009020     0  16829247     0  
CD009020     0  16829246     0  
CD009020     0  16822450     0  
CD009020     0  16810630     0  
CD009020     0  16801689     0  
CD009020     0  16798142     0  
CD009020     0  16798137     0  
CD009020     0  16798133     0  
CD009020     0  16788406     0  
CD009020     0  16778635     0  
CD009020     0  16775682     0  
CD009020     0  16762695     0  
CD009020     0  16757756     0  
CD009020     0  16741738     0  
CD009020     0  16729747     0  
CD009020     0  16715658     0  
CD009020     0  16709790     1  
CD009020     0  16709684     0  
CD009020     0  16705497     0  
CD009020     0  16703494     0  
CD009020     0  16687708     1  
CD009020     0  16679227     0  
CD009020     0  16679225     0  
CD009020     0  16677677     0  
CD009020     0  16648678     0  
CD009020     0  16636345     0  
CD009020     0  16632711     0  
CD009020     0  16628056     0  
CD009020     0  16623305     1  
CD009020     0  16623304     0  
CD009020     0  16619659     0  
CD009020     0  16609552     0  
CD009020     0  16607589     0  
CD009020     0  16595470     0  
CD009020     0  16551396     0  
CD009020     0  16549619     0  
CD009020     0  16543591     0  
CD009020     0  16539812     0  
CD009020     0  16531695     0  
CD009020     0  16529658     0  
CD009020     0  16518655     0  
CD009020     0  16517311     0  
CD009020     0  16510810     0  
CD009020     0  16488235     0  
CD009020     0  16477333     0  
CD009020     0  16464555     0  
CD009020     0  16459867     0  
CD009020     0  16459855     0  
CD009020     0  16456661     0  
CD009020     0  16453345     0  
CD009020     0  16452746     0  
CD009020     0  16452742     0  
CD009020     0  16437046     0  
CD009020     0  16423952     0  
CD009020     0  16422237     0  
CD009020     0  16422234     0  
CD009020     0  16419376     0  
CD009020     0  16414467     0  
CD009020     0  16399460     0  
CD009020     0  16392611     1  
CD009020     0  16387384     0  
CD009020     0  16382328     0  
CD009020     0  16376230     1  
CD009020     0  16357549     1  
CD009020     0  16357409     0  
CD009020     0  16352733     0  
CD009020     0  16337532     0  
CD009020     0  16337524     0  
CD009020     0  16328380     0  
CD009020     0  16328210     0  
CD009020     0  16327685     0  
CD009020     0  16326727     0  
CD009020     0  16325080     0  
CD009020     0  16322616     0  
CD009020     0  16315115     0  
CD009020     0  16307290     0  
CD009020     0  16303992     0  
CD009020     0  16284137     0  
CD009020     0  16279387     0  
CD009020     0  16267650     0  
CD009020     0  16260468     0  
CD009020     0  16260463     0  
CD009020     0  16226652     0  
CD009020     0  16226651     0  
CD009020     0  16210463     0  
CD009020     0  16205148     0  
CD009020     0  16200386     0  
CD009020     0  16200049     0  
CD009020     0  16195065     1  
CD009020     0  16192321     0  
CD009020     0  16187723     0  
CD009020     0  16181197     1  
CD009020     0  16177410     0  
CD009020     0  16171668     0  
CD009020     0  16171634     0  
CD009020     0  16170042     0  
CD009020     0  16156339     0  
CD009020     0  16148361     0  
CD009020     0  16127127     0  
CD009020     0  16123923     0  
CD009020     0  16123875     0  
CD009020     0  16114204     0  
CD009020     0  16060553     0  
CD009020     0  16047388     0  
CD009020     0  16047149     0  
CD009020     0  16037507     0  
CD009020     0  16035699     0  
CD009020     0  16034236     0  
CD009020     0  16032117     0  
CD009020     0  16015236     0  
CD009020     0  16012501     0  
CD009020     0  16002483     0  
CD009020     0  15999281     0  
CD009020     0  15999280     0  
CD009020     0  15995469     0  
CD009020     0  15983127     0  
CD009020     0  15972417     0  
CD009020     0  15940560     0  
CD009020     0  15930541     1  
CD009020     0  15930531     0  
CD009020     0  15925934     0  
CD009020     0  15925933     0  
CD009020     0  15925931     0  
CD009020     0  15911666     0  
CD009020     0  15908528     1  
CD009020     0  15905994     0  
CD009020     0  15893531     0  
CD009020     0  15891546     0  
CD009020     0  15889019     0  
CD009020     0  15864042     0  
CD009020     0  15855096     0  
CD009020     0  15805942     0  
CD009020     0  15805937     0  
CD009020     0  15800530     0  
CD009020     0  15798625     0  
CD009020     0  15789018     0  
CD009020     0  15789010     0  
CD009020     0  15789006     0  
CD009020     0  15776325     0  
CD009020     0  15773644     0  
CD009020     0  15756195     0  
CD009020     0  15734234     0  
CD009020     0  15723212     0  
CD009020     0  15723008     0  
CD009020     0  15693538     0  
CD009020     0  15687154     0  
CD009020     0  15685073     0  
CD009020     0  15679569     0  
CD009020     0  15674840     0  
CD009020     0  15669566     0  
CD009020     0  15665693     0  
CD009020     0  15658142     0  
CD009020     0  15635469     0  
CD009020     0  15615971     1  
CD009020     0  15553955     0  
CD009020     0  15544823     0  
CD009020     0  15544822     0  
CD009020     0  15533948     0  
CD009020     0  15515515     0  
CD009020     0  15515507     1  
CD009020     0  15505321     0  
CD009020     0  15505319     0  
CD009020     0  15494338     0  
CD009020     0  15483532     0  
CD009020     0  15478149     0  
CD009020     0  15472772     0  
CD009020     0  15472769     0  
CD009020     0  15385288     0  
CD009020     0  15383980     0  
CD009020     0  15383811     0  
CD009020     0  15383805     0  
CD009020     0  15378320     0  
CD009020     0  15358849     0  
CD009020     0  15346111     0  
CD009020     0  15333791     1  
CD009020     0  15323397     0  
CD009020     0  15314536     0  
CD009020     0  15294335     0  
CD009020     0  15284460     0  
CD009020     0  15274266     0  
CD009020     0  15273173     0  
CD009020     0  15252087     0  
CD009020     0  15246482     0  
CD009020     0  15244320     0  
CD009020     0  15243429     0  
CD009020     0  15221220     0  
CD009020     0  15208069     0  
CD009020     0  15168082     0  
CD009020     0  15160255     0  
CD009020     0  15156285     0  
CD009020     0  15150645     0  
CD009020     0  15150644     0  
CD009020     0  15125393     0  
CD009020     0  15112313     1  
CD009020     0  15111910     0  
CD009020     0  15111899     0  
CD009020     0  15111894     0  
CD009020     0  15106069     0  
CD009020     0  15104040     0  
CD009020     0  15085476     0  
CD009020     0  15083277     0  
CD009020     0  15069134     0  
CD009020     0  15066593     0  
CD009020     0  15066592     0  
CD009020     0  15057423     0  
CD009020     0  15054981     0  
CD009020     0  15054980     0  
CD009020     0  15050222     0  
CD009020     0  15037909     0  
CD009020     0  15034655     0  
CD009020     0  15024500     0  
CD009020     0  15004884     0  
CD009020     0  14996453     0  
CD009020     0  14984190     0  
CD009020     0  14984188     0  
CD009020     0  14961423     0  
CD009020     0  14960664     0  
CD009020     0  14767411     0  
CD009020     0  14754752     0  
CD009020     0  14753792     0  
CD009020     0  14743231     0  
CD009020     0  14735086     0  
CD009020     0  14730038     0  
CD009020     0  14705470     0  
CD009020     0  14695399     1  
CD009020     0  14673448     0  
CD009020     0  14671536     0  
CD009020     0  14671529     0  
CD009020     0  14671517     0  
CD009020     0  14671516     0  
CD009020     0  14656681     0  
CD009020     0  14652725     0  
CD009020     0  14631052     0  
CD009020     0  14627555     0  
CD009020     0  14623673     0  
CD009020     0  14612636     0  
CD009020     0  14610684     0  
CD009020     0  14600458     0  
CD009020     0  14578672     0  
CD009020     0  14578661     0  
CD009020     0  14573409     0  
CD009020     0  14573405     1  
CD009020     0  14567906     0  
CD009020     0  14565754     0  
CD009020     0  14563802     0  
CD009020     0  14525569     1  
CD009020     0  14513293     1  
CD009020     0  14500210     1  
CD009020     0  12975202     0  
CD009020     0  12975193     0  
CD009020     0  12934025     0  
CD009020     0  12934024     0  
CD009020     0  12916887     0  
CD009020     0  12856160     0  
CD009020     0  12851572     0  
CD009020     0  12847646     0  
CD009020     0  12835639     0  
CD009020     0  12835624     0  
CD009020     0  12827299     0  
CD009020     0  12822240     0  
CD009020     0  12817312     0  
CD009020     0  12811424     0  
CD009020     0  12792208     0  
CD009020     0  12784007     0  
CD009020     0  12782867     0  
CD009020     0  12771841     0  
CD009020     0  12735621     0  
CD009020     0  12728041     0  
CD009020     0  12720009     1  
CD009020     0  12718323     0  
CD009020     0  12700561     0  
CD009020     0  12700560     0  
CD009020     0  12695954     0  
CD009020     0  12659820     0  
CD009020     0  12646465     0  
CD009020     0  12640155     0  
CD009020     0  12627148     0  
CD009020     0  12620544     0  
CD009020     0  12606869     0  
CD009020     0  12606868     0  
CD009020     0  12598997     0  
CD009020     0  12591665     0  
CD009020     0  12589487     0  
CD009020     0  12589484     0  
CD009020     0  12585570     0  
CD009020     0  12579145     0  
CD009020     0  12571381     0  
CD009020     0  12569317     0  
CD009020     0  12567134     0  
CD009020     0  12563364     0  
CD009020     0  12562120     1  
CD009020     0  12525938     0  
CD009020     0  12511685     0  
CD009020     0  12510117     0  
CD009020     0  12486539     0  
CD009020     0  12483430     0  
CD009020     0  12474728     0  
CD009020     0  12469086     0  
CD009020     0  12469082     0  
CD009020     0  12469080     0  
CD009020     0  12462070     0  
CD009020     0  12435645     0  
CD009020     0  12399886     0  
CD009020     0  12395913     0  
CD009020     0  12379388     0  
CD009020     0  12378176     0  
CD009020     0  12368799     0  
CD009020     0  12360013     0  
CD009020     0  12235350     0  
CD009020     0  12214351     0  
CD009020     0  12202690     0  
CD009020     0  12195505     0  
CD009020     0  12195504     0  
CD009020     0  12195247     0  
CD009020     0  12185037     0  
CD009020     0  12183790     0  
CD009020     0  12168680     0  
CD009020     0  12151902     0  
CD009020     0  12150464     0  
CD009020     0  12147844     1  
CD009020     0  12142976     0  
CD009020     0  12136330     0  
CD009020     0  12132213     0  
CD009020     0  12132196     0  
CD009020     0  12124536     0  
CD009020     0  12118822     0  
CD009020     0  12113782     1  
CD009020     0  12107570     0  
CD009020     0  12105806     0  
CD009020     0  12083586     0  
CD009020     0  12079911     1  
CD009020     0  12070492     0  
CD009020     0  12068399     0  
CD009020     0  12056171     0  
CD009020     0  12041523     0  
CD009020     0  12025101     0  
CD009020     0  12025099     0  
CD009020     0  12017847     1  
CD009020     0  11987054     0  
CD009020     0  11976869     1  
CD009020     0  11935481     0  
CD009020     0  11928909     0  
CD009020     0  11922195     0  
CD009020     0  11912093     0  
CD009020     0  11903172     0  
CD009020     0  11888144     0  
CD009020     0  11888140     0  
CD009020     0  11888139     0  
CD009020     0  11877614     0  
CD009020     0  11870482     0  
CD009020     0  11845142     0  
CD009020     0  11832042     0  
CD009020     0  11832041     0  
CD009020     0  11828349     0  
CD009020     0  11828347     0  
CD009020     0  11828327     0  
CD009020     0  11814754     0  
CD009020     0  11813956     0  
CD009020     0  11810162     0  
CD009020     0  11807851     0  
CD009020     0  11799011     0  
CD009020     0  11798999     0  
CD009020     0  11774134     0  
CD009020     0  11756726     0  
CD009020     0  11747034     1  
CD009020     0  11743528     0  
CD009020     0  11702350     0  
CD009020     0  11688948     1  
CD009020     0  11641696     0  
CD009020     0  11572003     1  
CD009020     0  11567850     0  
CD009020     0  11567849     0  
CD009020     0  11563493     0  
CD009020     0  11552389     0  
CD009020     0  11516533     1  
CD009020     0  11513161     0  
CD009020     0  11471403     0  
CD009020     0  11465773     0  
CD009020     0  11450128     0  
CD009020     0  11450127     0  
CD009020     0  11450126     1  
CD009020     0  11426001     0  
CD009020     0  11414670     0  
CD009020     0  11408898     0  
CD009020     0  11407717     1  
CD009020     0  11398056     1  
CD009020     0  11392293     0  
CD009020     0  11387116     0  
CD009020     0  11387103     0  
CD009020     0  11372266     0  
CD009020     0  11354747     0  
CD009020     0  11351193     0  
CD009020     0  11323778     0  
CD009020     0  11300138     0  
CD009020     0  11289632     0  
CD009020     0  11287863     0  
CD009020     0  11284566     0  
CD009020     0  11265045     0  
CD009020     0  11253526     0  
CD009020     0  11253091     1  
CD009020     0  11242207     0  
CD009020     0  11239341     0  
CD009020     0  11234944     1  
CD009020     0  11228032     0  
CD009020     0  11223629     0  
CD009020     0  11222234     0  
CD009020     0  11218024     1  
CD009020     0  11210950     0  
CD009020     0  11199409     0  
CD009020     0  11199405     0  
CD009020     0  11195119     0  
CD009020     0  11182734     0  
CD009020     0  11172246     0  
CD009020     0  11155300     0  
CD009020     0  11154383     0  
CD009020     0  11154011     0  
CD009020     0  11148874     0  
CD009020     0  11142911     0  
CD009020     0  11142907     0  
CD009020     0  11142906     0  
CD009020     0  11142882     0  
CD009020     0  11129754     0  
CD009020     0  11121701     0  
CD009020     0  11116842     0  
CD009020     0  11116838     0  
CD009020     0  11116837     0  
CD009020     0  11103957     0  
CD009020     0  11065265     0  
CD009020     0  11058657     0  
CD009020     0  11051013     0  
CD009020     0  11046178     0  
CD009020     0  11046163     0  
CD009020     0  11043966     0  
CD009020     0  11033903     0  
CD009020     0  11027752     0  
CD009020     0  11013610     0  
CD009020     0  11008318     0  
CD009020     0  11001394     0  
CD009020     0  11000168     0  
CD009020     0  10994687     0  
CD009020     0  10992091     0  
CD009020     0  10968686     0  
CD009020     0  10966192     0  
CD009020     0  10963918     0  
CD009020     0  10963917     0  
CD009020     0  10963425     0  
CD009020     0  10963079     0  
CD009020     0  10955352     0  
CD009020     0  10952040     0  
CD009020     0  10930877     0  
CD009020     0  10929412     0  
CD009020     0  10890456     0  
CD009020     0  10883604     0  
CD009020     0  10883593     0  
CD009020     0  10879716     1  
CD009020     0  10875420     0  
CD009020     0  10874191     0  
CD009020     0  10872357     0  
CD009020     0  10856614     0  
CD009020     0  10841058     0  
CD009020     0  10813181     0  
CD009020     0  10810697     0  
CD009020     0  10810686     0  
CD009020     0  10798229     0  
CD009020     0  10796930     0  
CD009020     0  10791582     0  
CD009020     0  10789798     0  
CD009020     0  10781662     0  
CD009020     0  10780220     0  
CD009020     0  10778457     0  
CD009020     0  10761941     0  
CD009020     0  10761940     1  
CD009020     0  10750001     0  
CD009020     0  10749261     0  
CD009020     0  10724229     0  
CD009020     0  10724223     0  
CD009020     0  10717855     0  
CD009020     0  10705336     0  
CD009020     0  10676014     0  
CD009020     0  10668512     0  
CD009020     0  10663753     0  
CD009020     0  10653361     0  
CD009020     0  10652663     0  
CD009020     0  10644135     0  
CD009020     0  10633896     0  
CD009020     0  10633889     0  
CD009020     0  10631903     0  
CD009020     0  10616812     0  
CD009020     0  20478225     0  
CD009020     0  10613161     0  
CD009020     0  10608963     0  
CD009020     0  10591925     0  
CD009020     0  10580943     1  
CD009020     0  10580942     0  
CD009020     0  10579166     0  
CD009020     0  10575798     0  
CD009020     0  10543593     0  
CD009020     0  10526487     0  
CD009020     0  10526486     0  
CD009020     0  10524853     0  
CD009020     0  10524698     1  
CD009020     0  10506358     0  
CD009020     0  10495180     0  
CD009020     0  10477887     0  
CD009020     0  10472005     0  
CD009020     0  10471998     0  
CD009020     0  10463744     1  
CD009020     0  10463016     0  
CD009020     0  10457553     0  
CD009020     0  10447077     0  
CD009020     0  10442080     0  
CD009020     0  19078384     0  
CD009020     0  10424336     0  
CD009020     0  10399636     0  
CD009020     0  10395129     0  
CD009020     0  10389080     0  
CD009020     0  10389076     0  
CD009020     0  10367523     1  
CD009020     0  10358723     1  
CD009020     0  10354876     1  
CD009020     0  10353037     1  
CD009020     0  20086727     0  
CD009020     0  10339775     0  
CD009020     0  10336198     0  
CD009020     0  10335968     0  
CD009020     0  10327490     0  
CD009020     0  10231101     0  
CD009020     0  10227521     0  
CD009020     0  10216997     0  
CD009020     0  10210067     0  
CD009020     0  10093412     0  
CD009020     0  10090180     0  
CD009020     0  10077795     0  
CD009020     0  10067222     0  
CD009020     0  10067221     0  
CD009020     0  10050829     0  
CD009020     0  9972207      0  
CD009020     0  9934421      0  
CD009020     0  9930805      0  
CD009020     0  9930804      0  
CD009020     0  9930100      0  
CD009020     0  9916188      0  
CD009020     0  9883425      0  
CD009020     0  9868709      0  
CD009020     0  9866777      0  
CD009020     0  9864635      0  
CD009020     0  9856552      0  
CD009020     0  9845789      0  
CD009020     0  9844654      0  
CD009020     0  9819613      0  
CD009020     0  9814932      0  
CD009020     0  9798449      0  
CD009020     0  9793136      0  
CD009020     0  9771210      0  
CD009020     0  9768891      0  
CD009020     0  9759817      0  
CD009020     0  9754490      1  
CD009020     0  9752660      0  
CD009020     0  9752659      0  
CD009020     0  9752649      0  
CD009020     0  9745256      0  
CD009020     0  9744045      0  
CD009020     0  9733463      1  
CD009020     0  9725313      0  
CD009020     0  9678236      1  
CD009020     0  9676206      0  
CD009020     0  9673643      0  
CD009020     0  9663318      0  
CD009020     0  9658352      0  
CD009020     0  9658346      0  
CD009020     0  9652501      0  
CD009020     0  9648794      0  
CD009020     0  9648793      0  
CD009020     0  9641520      0  
CD009020     0  9638832      1  
CD009020     0  9633054      0  
CD009020     0  9599823      0  
CD009020     0  9589092      0  
CD009020     0  9586975      0  
CD009020     0  9581249      0  
CD009020     0  9571942      0  
CD009020     0  9571397      1  
CD009020     0  9565950      0  
CD009020     0  9562818      0  
CD009020     0  9555840      0  
CD009020     0  9525755      0  
CD009020     0  9522674      0  
CD009020     0  9519047      0  
CD009020     0  9509826      0  
CD009020     0  9507602      0  
CD009020     0  9499965      0  
CD009020     0  9490987      0  
CD009020     0  9465232      0  
CD009020     0  9430827      0  
CD009020     0  9430826      0  
CD009020     0  9448758      0  
CD009020     0  9446120      1  
CD009020     0  9442331      0  
CD009020     0  9442324      1  
CD009020     0  9426783      0  
CD009020     0  9408954      0  
CD009020     0  9372778      0  
CD009020     0  9397454      0  
CD009020     0  9356936      0  
CD009020     0  9356935      0  
CD009020     0  9353479      0  
CD009020     0  9376998      0  
CD009020     0  9327536      0  
CD009020     0  9343659      0  
CD009020     0  9322701      1  
CD009020     0  9314511      0  
CD009020     0  9314509      0  
CD009020     0  9314505      0  
CD009020     0  9314504      0  
CD009020     0  9314503      0  
CD009020     0  9314500      0  
CD009020     0  9257962      0  
CD009020     0  9381126      0  
CD009020     0  9285998      0  
CD009020     0  9285996      0  
CD009020     0  9424648      0  
CD009020     0  9381775      0  
CD009020     0  9289042      0  
CD009020     0  9243387      0  
CD009020     0  9205245      1  
CD009020     0  9340739      0  
CD009020     0  9168717      1  
CD009020     0  9219130      0  
CD009020     0  9304204      0  
CD009020     0  9244908      1  
CD009020     0  9127074      0  
CD009020     0  9124141      0  
CD009020     0  9124140      0  
CD009020     0  9124128      1  
CD009020     0  9113722      0  
CD009020     0  9113711      0  
CD009020     0  9192430      0  
CD009020     0  9090762      0  
CD009020     0  9157559      0  
CD009020     0  9055527      0  
CD009020     0  9020227      0  
CD009020     0  9016248      0  
CD009020     0  9015086      0  
CD009020     0  9501660      0  
CD009020     0  9266041      0  
CD009020     0  9239637      0  
CD009020     0  9064794      0  
CD009020     0  9040149      0  
CD009020     0  9038113      0  
CD009020     0  9024435      0  
CD009020     0  9024430      0  
CD009020     0  9006686      0  
CD009020     0  9005933      0  
CD009020     0  8998210      0  
CD009020     0  9115565      0  
CD009020     0  9101759      0  
CD009020     0  9082479      0  
CD009020     0  9082478      0  
CD009020     0  9082477      0  
CD009020     0  9082475      0  
CD009020     0  9068210      0  
CD009020     0  9065069      0  
CD009020     0  8981271      0  
CD009020     0  8958621      0  
CD009020     0  8952110      0  
CD009020     0  9064765      0  
CD009020     0  8897778      0  
CD009020     0  8894339      0  
CD009020     0  8991423      0  
CD009020     0  8940792      1  
CD009020     0  8915265      0  
CD009020     0  8816656      0  
CD009020     0  8797926      0  
CD009020     0  8865490      0  
CD009020     0  8865483      0  
CD009020     0  8686597      1  
CD009020     0  8685350      0  
CD009020     0  8928565      0  
CD009020     0  8872930      0  
CD009020     0  8818778      1  
CD009020     0  8792271      0  
CD009020     0  8698718      0  
CD009020     0  8677829      0  
CD009020     0  8657921      0  
CD009020     0  8767161      0  
CD009020     0  8686465      0  
CD009020     0  8633460      0  
CD009020     0  8816343      0  
CD009020     0  8710459      0  
CD009020     0  8615243      1  
CD009020     0  8741055      1  
CD009020     0  8734209      0  
CD009020     0  8728370      0  
CD009020     0  8643842      1  
CD009020     0  8610564      0  
CD009020     0  8609146      0  
CD009020     0  8609145      0  
CD009020     0  8643944      0  
CD009020     0  8919503      1  
CD009020     0  8775111      0  
CD009020     0  8742880      0  
CD009020     0  8732800      0  
CD009020     0  8658003      0  
CD009020     0  8820096      0  
CD009020     0  8820094      0  
CD009020     0  8820092      0  
CD009020     0  8952917      0  
CD009020     0  8919441      0  
CD009020     0  8919122      1  
CD009020     0  8872551      0  
CD009020     0  8851790      1  
CD009020     0  8851442      0  
CD009020     0  8817045      0  
CD009020     0  8762985      0  
CD009020     0  8753822      0  
CD009020     0  8717118      0  
CD009020     0  8711919      0  
CD009020     0  8711918      0  
CD009020     0  8673512      0  
CD009020     0  8646903      0  
CD009020     0  8571867      0  
CD009020     0  8539398      1  
CD009020     0  7484618      0  
CD009020     0  8665291      0  
CD009020     0  8665286      0  
CD009020     0  8608689      0  
CD009020     0  8534390      0  
CD009020     0  8532336      0  
CD009020     0  8532335      0  
CD009020     0  7480690      1  
CD009020     0  19077997     0  
CD009020     0  8581997      0  
CD009020     0  8552811      0  
CD009020     0  8545644      1  
CD009020     0  7568835      1  
CD009020     0  8548441      0  
CD009020     0  7671508      0  
CD009020     0  7645478      1  
CD009020     0  7607060      0  
CD009020     0  7640925      0  
CD009020     0  7570077      0  
CD009020     0  7569078      0  
CD009020     0  7754892      0  
CD009020     0  7754891      1  
CD009020     0  7658938      0  
CD009020     0  7644916      0  
CD009020     0  7617385      0  
CD009020     0  7617377      0  
CD009020     0  7617376      0  
CD009020     0  7605957      0  
CD009020     0  7754927      0  
CD009020     0  7783037      0  
CD009020     0  7724774      0  
CD009020     0  7724773      1  
CD009020     0  7620866      0  
CD009020     0  7617896      1  
CD009020     0  7614836      0  
CD009020     0  7605315      0  
CD009020     0  7771960      0  
CD009020     0  7606420      0  
CD009020     0  16558307     0  
CD009020     0  7862988      1  
CD009020     0  7862986      0  
CD009020     0  7778695      0  
CD009020     0  7754109      0  
CD009020     0  7706351      0  
CD009020     0  7612422      0  
CD009020     0  10150316     0  
CD009020     0  7848321      0  
CD009020     0  7735751      0  
CD009020     0  7731767      0  
CD009020     0  8787306      1  
CD009020     0  8623610      1  
CD009020     0  7998527      0  
CD009020     0  7895205      0  
CD009020     0  7886459      0  
CD009020     0  7882114      0  
CD009020     0  7822341      0  
CD009020     0  7756022      0  
CD009020     0  7743752      0  
CD009020     0  7713089      0  
CD009020     0  7707483      0  
CD009020     0  7569174      0  
CD009020     0  7992740      0  
CD009020     0  7878228      1  
CD009020     0  7855722      0  
CD009020     0  7643588      0  
CD009020     0  7993249      0  
CD009020     0  7976897      0  
CD009020     0  7972758      0  
CD009020     0  7886475      0  
CD009020     0  7855336      0  
CD009020     0  7838807      0  
CD009020     0  7824769      1  
CD009020     0  8092054      1  
CD009020     0  8090902      0  
CD009020     0  7924049      0  
CD009020     0  7824983      1  
CD009020     0  7824981      1  
CD009020     0  7800193      0  
CD009020     0  8079856      0  
CD009020     0  8058959      1  
CD009020     0  8037057      1  
CD009020     0  8037037      0  
CD009020     0  8208939      0  
CD009020     0  8066230      0  
CD009020     0  8027145      0  
CD009020     0  8020240      0  
CD009020     0  8020237      0  
CD009020     0  8020233      0  
CD009020     0  8192045      1  
CD009020     0  8042491      1  
CD009020     0  8028951      0  
CD009020     0  8048356      0  
CD009020     0  8038880      0  
CD009020     0  8198183      0  
CD009020     0  8180457      0  
CD009020     0  8178178      0  
CD009020     0  8174017      0  
CD009020     0  8126271      0  
CD009020     0  8126038      1  
CD009020     0  7920064      1  
CD009020     0  8191450      0  
CD009020     0  8312510      0  
CD009020     0  8310926      0  
CD009020     0  7912584      1  
CD009020     0  9097178      1  
CD009020     0  9097177      0  
CD009020     0  8179928      0  
CD009020     0  8179927      0  
CD009020     0  8179926      0  
CD009020     0  8179925      0  
CD009020     0  8144344      1  
CD009020     0  8128027      0  
CD009020     0  8054232      0  
CD009020     0  8047956      0  
CD009020     0  8024688      0  
CD009020     0  7875142      0  
CD009020     0  7740135      0  
CD009020     0  7719780      0  
CD009020     0  7638384      0  
CD009020     0  8249731      0  
CD009020     0  8291016      0  
CD009020     0  8291006      0  
CD009020     0  8237322      0  
CD009020     0  8414488      0  
CD009020     0  8414487      0  
CD009020     0  8351333      1  
CD009020     0  8273012      0  
CD009020     0  8273011      0  
CD009020     0  7584215      0  
CD009020     0  7584214      0  
CD009020     0  7584213      0  
CD009020     0  7584208      0  
CD009020     0  8354686      1  
CD009020     0  8348136      0  
CD009020     0  8346359      0  
CD009020     0  8331246      0  
CD009020     0  8504591      0  
CD009020     0  8320901      0  
CD009020     0  8509471      0  
CD009020     0  8475294      0  
CD009020     0  8332795      0  
CD009020     0  8462039      0  
CD009020     0  8322068      0  
CD009020     0  8322066      0  
CD009020     0  8475398      0  
CD009020     0  8475397      0  
CD009020     0  8454760      0  
CD009020     0  8451648      0  
CD009020     0  8421748      0  
CD009020     0  8421747      0  
CD009020     0  8101743      0  
CD009020     0  8488437      0  
CD009020     0  8483150      1  
CD009020     0  8446022      0  
CD009020     0  8421637      0  
CD009020     0  8421612      0  
CD009020     0  8421610      0  
CD009020     0  8418980      0  
CD009020     0  8418972      0  
CD009020     0  8416605      1  
CD009020     0  8357686      1  
CD009020     0  8305104      0  
CD009020     0  8284463      0  
CD009020     0  8280327      0  
CD009020     0  8272224      0  
CD009020     0  8066296      0  
CD009020     0  1491817      0  
CD009020     0  1287844      0  
CD009020     0  1489465      1  
CD009020     0  1475420      0  
CD009020     0  1423703      0  
CD009020     0  1516301      0  
CD009020     0  1518937      0  
CD009020     0  1421996      0  
CD009020     0  1411915      0  
CD009020     0  1391816      0  
CD009020     0  1642657      0  
CD009020     0  1620858      0  
CD009020     0  1509033      0  
CD009020     0  1590124      0  
CD009020     0  1642033      1  
CD009020     0  1636859      0  
CD009020     0  1613616      0  
CD009020     0  1587891      0  
CD009020     0  1563433      0  
CD009020     0  1583043      0  
CD009020     0  1581153      0  
CD009020     0  1560504      0  
CD009020     0  1553762      0  
CD009020     0  1739001      0  
CD009020     0  1585252      0  
CD009020     0  1585250      0  
CD009020     0  1561057      0  
CD009020     0  1729796      1  
CD009020     0  1489363      1  
CD009020     0  1304715      0  
CD009020     0  1729292      0  
CD009020     0  1727282      0  
CD009020     0  1550656      0  
CD009020     0  1544313      0  
CD009020     0  1366290      0  
CD009020     0  1348555      0  
CD009020     0  1292554      1  
CD009020     0  1288377      1  
CD009020     0  1288376      1  
CD009020     0  1288375      0  
CD009020     0  1284020      0  
CD009020     0  1796284      0  
CD009020     0  1788428      0  
CD009020     0  1939766      0  
CD009020     0  1753360      0  
CD009020     0  1945355      0  
CD009020     0  1950493      1  
CD009020     0  1934094      0  
CD009020     0  1934091      0  
CD009020     0  1887045      1  
CD009020     0  1767556      0  
CD009020     0  1759157      0  
CD009020     0  1745539      0  
CD009020     0  1910827      0  
CD009020     0  2068322      0  
CD009020     0  1947305      1  
CD009020     0  1947299      0  
CD009020     0  1942229      0  
CD009020     0  1874784      0  
CD009020     0  1868561      0  
CD009020     0  2045395      1  
CD009020     0  2045394      1  
CD009020     0  2027968      0  
CD009020     0  1802153      0  
CD009020     0  2036757      0  
CD009020     0  1670434      0  
CD009020     0  2014724      0  
CD009020     0  2009680      0  
CD009020     0  2057868      0  
CD009020     0  1847536      0  
CD009020     0  2011836      0  
CD009020     0  1985990      1  
CD009020     0  1927353      0  
CD009020     0  1927352      1  
CD009020     0  1842954      1  
CD009020     0  1812516      1  
CD009020     0  2243995      1  
CD009020     0  2176328      0  
CD009020     0  2267376      0  
CD009020     0  2229570      0  
CD009020     0  2119117      1  
CD009020     0  2266516      1  
CD009020     0  2203144      0  
CD009020     0  2367103      0  
CD009020     0  2200127      0  
CD009020     0  2195474      0  
CD009020     0  2188354      0  
CD009020     0  2341451      0  
CD009020     0  2182260      0  
CD009020     0  2160695      0  
CD009020     0  2188343      0  
CD009020     0  2188339      0  
CD009020     0  2180600      0  
CD009020     0  2408095      0  
CD009020     0  2191826      0  
CD009020     0  2181580      0  
CD009020     0  2321039      0  
CD009020     0  2104694      0  
CD009020     0  2076917      0  
CD009020     0  2688240      0  
CD009020     0  2694670      0  
CD009020     0  2693553      0  
CD009020     0  2692080      1  
CD009020     0  2685890      0  
CD009020     0  2678248      1  
CD009020     0  2678247      1  
CD009020     0  2678244      0  
CD009020     0  2678284      0  
CD009020     0  2552528      0  
CD009020     0  2678466      0  
CD009020     0  2740508      1  
CD009020     0  2663290      0  
CD009020     0  2660541      1  
CD009020     0  2749464      0  
CD009020     0  2544937      0  
CD009020     0  2727354      0  
CD009020     0  2660887      0  
CD009020     0  2655152      0  
CD009020     0  2652050      0  
CD009020     0  2659355      0  
CD009020     0  2648745      0  
CD009020     0  2675745      0  
CD009020     0  2665103      0  
CD009020     0  3055040      1  
CD009020     0  3183135      0  
CD009020     0  3142923      0  
CD009020     0  3262276      1  
CD009020     0  2845510      0  
CD009020     0  3406398      0  
CD009020     0  3071007      0  
CD009020     0  3044661      0  
CD009020     0  3152389      1  
CD009020     0  3289928      1  
CD009020     0  3282405      0  
CD009020     0  3363114      0  
CD009020     0  3363113      0  
CD009020     0  3283828      0  
CD009020     0  3257322      1  
CD009020     0  3336681      0  
CD009020     0  3282806      0  
CD009020     0  3281690      1  
CD009020     0  3275956      0  
CD009020     0  3068723      0  
CD009020     0  3317534      0  
CD009020     0  3496760      1  
CD009020     0  3327026      0  
CD009020     0  3134443      1  
CD009020     0  3299961      0  
CD009020     0  3310221      1  
CD009020     0  3695819      0  
CD009020     0  3616667      0  
CD009020     0  3737908      0  
CD009020     0  3535080      1  
CD009020     0  3534994      0  
CD009020     0  3526850      0  
CD009020     0  3020631      0  
CD009020     0  3512571      0  
CD009020     0  3511640      0  
CD009020     0  3511639      0  
CD009020     0  3551477      1  
CD009020     0  3514025      0  
CD009020     0  3916822      1  
CD009020     0  3898216      1  
CD009020     0  3897119      0  
CD009020     0  3880983      0  
CD009020     0  6436327      1  
CD009020     0  9697646      0  
CD009020     0  7377445      0  
CD009020     0  6036453      0  
