CD008691     0  20620001     0  
CD008691     0  19628361     0  
CD008691     0  19632640     0  
CD008691     0  16269994     0  
CD008691     0  20186233     0  
CD008691     0  19362802     0  
CD008691     0  1837116      0  
CD008691     0  10701411     0  
CD008691     0  19541818     0  
CD008691     0  20485689     0  
CD008691     0  20970625     0  
CD008691     0  20970072     0  
CD008691     0  20954975     0  
CD008691     0  20948378     0  
CD008691     0  20948377     0  
CD008691     0  20947866     0  
CD008691     0  20930432     0  
CD008691     0  20924324     0  
CD008691     0  20921817     0  
CD008691     0  20868811     0  
CD008691     0  20826266     0  
CD008691     0  20821937     0  
CD008691     0  20814046     0  
CD008691     0  20811968     0  
CD008691     0  20798338     0  
CD008691     0  20733103     0  
CD008691     0  20731105     0  
CD008691     0  20723638     0  
CD008691     0  20718199     0  
CD008691     0  20715464     0  
CD008691     0  20706134     0  
CD008691     0  20690090     1  
CD008691     0  20690086     0  
CD008691     0  20653359     0  
CD008691     0  20651884     0  
CD008691     0  20649758     0  
CD008691     0  20648438     0  
CD008691     0  20647563     0  
CD008691     0  20645679     0  
CD008691     0  20635028     0  
CD008691     0  20633853     0  
CD008691     0  20633852     0  
CD008691     0  20603087     0  
CD008691     0  20586902     0  
CD008691     0  20586900     0  
CD008691     0  20576827     0  
CD008691     0  20576822     0  
CD008691     0  20565936     0  
CD008691     0  20557861     0  
CD008691     0  20556806     0  
CD008691     0  20538833     0  
CD008691     0  20535117     0  
CD008691     0  20527709     0  
CD008691     0  20522535     0  
CD008691     0  20507962     0  
CD008691     0  20503025     0  
CD008691     0  20501456     0  
CD008691     0  20491972     0  
CD008691     0  20476884     0  
CD008691     0  20470427     0  
CD008691     0  20470297     0  
CD008691     0  20470277     0  
CD008691     0  20459398     0  
CD008691     0  20446782     0  
CD008691     0  20439784     0  
CD008691     0  20436705     0  
CD008691     0  20430390     0  
CD008691     0  20428622     0  
CD008691     0  20427046     0  
CD008691     0  20424476     0  
CD008691     0  20424475     0  
CD008691     0  20417761     0  
CD008691     0  20407112     0  
CD008691     0  20381999     1  
CD008691     0  20364553     0  
CD008691     0  20363099     0  
CD008691     0  20350989     0  
CD008691     0  20350504     0  
CD008691     0  20349410     1  
CD008691     0  20347678     0  
CD008691     0  20347648     0  
CD008691     0  20346337     0  
CD008691     0  20345449     0  
CD008691     0  20345390     0  
CD008691     0  20345389     0  
CD008691     0  20308894     0  
CD008691     0  20304581     0  
CD008691     0  20299981     0  
CD008691     0  20237457     0  
CD008691     0  20233537     0  
CD008691     0  20226394     0  
CD008691     0  20224838     0  
CD008691     0  20215836     0  
CD008691     0  20200622     0  
CD008691     0  20190240     0  
CD008691     0  20189275     0  
CD008691     0  20186230     0  
CD008691     0  20171408     0  
CD008691     0  20152210     0  
CD008691     0  20146209     0  
CD008691     0  20127607     0  
CD008691     0  20119930     0  
CD008691     0  20113272     0  
CD008691     0  20110249     0  
CD008691     0  20103322     0  
CD008691     0  20102936     0  
CD008691     0  20093813     0  
CD008691     0  20090315     0  
CD008691     0  20083471     0  
CD008691     0  20083247     0  
CD008691     0  20080002     0  
CD008691     0  20061997     0  
CD008691     0  20045628     0  
CD008691     0  20027593     0  
CD008691     0  20019646     0  
CD008691     0  20002292     0  
CD008691     0  19965535     0  
CD008691     0  19945953     0  
CD008691     0  19939822     0  
CD008691     0  19932544     0  
CD008691     0  19924001     0  
CD008691     0  19919611     0  
CD008691     0  19910107     0  
CD008691     0  19875377     0  
CD008691     0  19853864     0  
CD008691     0  19850559     0  
CD008691     0  19783341     0  
CD008691     0  19781704     0  
CD008691     0  19774498     0  
CD008691     0  19760091     0  
CD008691     0  19660392     0  
CD008691     0  19594321     0  
CD008691     0  19406493     0  
CD008691     0  19056138     0  
CD008691     0  20503835     0  
CD008691     0  20146888     0  
CD008691     0  20142185     0  
CD008691     0  20135884     0  
CD008691     0  20083074     0  
CD008691     0  20039505     0  
CD008691     0  20035639     0  
CD008691     0  20031768     0  
CD008691     0  20031733     0  
CD008691     0  20024639     0  
CD008691     0  20014205     0  
CD008691     0  20008688     0  
CD008691     0  20006800     0  
CD008691     0  19965546     0  
CD008691     0  19944392     0  
CD008691     0  19944316     0  
CD008691     0  19944310     0  
CD008691     0  19926042     0  
CD008691     0  19925289     0  
CD008691     0  19920040     0  
CD008691     0  19917785     0  
CD008691     0  19886337     0  
CD008691     0  19886334     0  
CD008691     0  19876414     0  
CD008691     0  19875565     0  
CD008691     0  19853704     0  
CD008691     0  19852148     0  
CD008691     0  19838465     0  
CD008691     0  19833903     0  
CD008691     0  19809994     0  
CD008691     0  19792845     0  
CD008691     0  19791588     0  
CD008691     0  19787616     0  
CD008691     0  19786239     0  
CD008691     0  19776568     0  
CD008691     0  19775319     0  
CD008691     0  19766757     0  
CD008691     0  19765448     0  
CD008691     0  19764492     0  
CD008691     0  19736474     0  
CD008691     0  19736163     0  
CD008691     0  19736160     0  
CD008691     0  19732282     0  
CD008691     0  19713331     0  
CD008691     0  19712254     0  
CD008691     0  19692998     0  
CD008691     0  19681840     0  
CD008691     0  19676147     0  
CD008691     0  19670713     0  
CD008691     0  19667039     0  
CD008691     0  19644822     0  
CD008691     0  19632085     0  
CD008691     0  19625469     0  
CD008691     0  19607702     0  
CD008691     0  19602775     0  
CD008691     0  19601862     0  
CD008691     0  19580724     0  
CD008691     0  19575083     0  
CD008691     0  19574342     0  
CD008691     0  19570886     0  
CD008691     0  19546529     0  
CD008691     0  19542379     0  
CD008691     0  19539072     0  
CD008691     0  19538490     0  
CD008691     0  19516174     0  
CD008691     0  19513010     0  
CD008691     0  19497507     0  
CD008691     0  19494798     1  
CD008691     0  19469885     0  
CD008691     0  19463464     0  
CD008691     0  19463396     0  
CD008691     0  19440064     0  
CD008691     0  19436645     0  
CD008691     0  19427449     0  
CD008691     0  19416771     0  
CD008691     0  19410683     0  
CD008691     0  19401123     0  
CD008691     0  19399567     0  
CD008691     0  19395951     0  
CD008691     0  19394801     0  
CD008691     0  19394736     0  
CD008691     0  19390157     0  
CD008691     0  19387250     1  
CD008691     0  19384844     0  
CD008691     0  19379873     0  
CD008691     0  19369689     0  
CD008691     0  19362317     0  
CD008691     0  19349293     0  
CD008691     0  19339425     0  
CD008691     0  19339406     0  
CD008691     0  19327418     0  
CD008691     0  19321942     0  
CD008691     0  19308650     0  
CD008691     0  19306514     0  
CD008691     0  19304128     0  
CD008691     0  19289433     0  
CD008691     0  19282606     0  
CD008691     0  19281735     0  
CD008691     0  19268412     0  
CD008691     0  19262454     0  
CD008691     0  19258080     0  
CD008691     0  19247187     0  
CD008691     0  19241190     0  
CD008691     0  19229116     0  
CD008691     0  19218473     0  
CD008691     0  19218471     0  
CD008691     0  19214027     0  
CD008691     0  19211668     0  
CD008691     0  19195507     0  
CD008691     0  19194569     0  
CD008691     0  19190822     0  
CD008691     0  19179987     0  
CD008691     0  19176792     0  
CD008691     0  19165557     0  
CD008691     0  19164320     0  
CD008691     0  19161763     0  
CD008691     0  19159995     0  
CD008691     0  19159851     0  
CD008691     0  19159849     0  
CD008691     0  19158372     0  
CD008691     0  19129856     0  
CD008691     0  19128934     0  
CD008691     0  19115078     0  
CD008691     0  19112222     0  
CD008691     0  19101228     0  
CD008691     0  19101102     0  
CD008691     0  19059594     0  
CD008691     0  19054332     0  
CD008691     0  19011275     0  
CD008691     0  18997458     0  
CD008691     0  18987306     0  
CD008691     0  18982357     0  
CD008691     0  18978067     0  
CD008691     0  18972115     0  
CD008691     0  18945990     0  
CD008691     0  18818684     0  
CD008691     0  18762474     0  
CD008691     0  18753739     0  
CD008691     0  18753738     0  
CD008691     0  18621374     0  
CD008691     0  18585801     0  
CD008691     0  18550064     0  
CD008691     0  19323066     0  
CD008691     0  19238868     0  
CD008691     0  19140853     0  
CD008691     0  19118735     0  
CD008691     0  19114374     0  
CD008691     0  19112833     0  
CD008691     0  19100414     0  
CD008691     0  19088537     0  
CD008691     0  19080273     0  
CD008691     0  19069454     0  
CD008691     0  19064014     0  
CD008691     0  19049703     0  
CD008691     0  19048834     0  
CD008691     0  19047585     0  
CD008691     0  19044173     0  
CD008691     0  19040561     0  
CD008691     0  19026795     0  
CD008691     0  19026294     1  
CD008691     0  19024194     0  
CD008691     0  19021282     0  
CD008691     0  19016467     0  
CD008691     0  19016154     0  
CD008691     0  19005289     0  
CD008691     0  18987758     0  
CD008691     0  18984459     0  
CD008691     0  18984450     0  
CD008691     0  18981625     0  
CD008691     0  18971545     0  
CD008691     0  18955835     0  
CD008691     0  18949725     0  
CD008691     0  18946896     0  
CD008691     0  18854671     0  
CD008691     0  18847461     0  
CD008691     0  18847418     0  
CD008691     0  18810699     0  
CD008691     0  18805157     0  
CD008691     0  18805100     0  
CD008691     0  18799966     0  
CD008691     0  18768415     0  
CD008691     0  18762703     0  
CD008691     0  18729173     0  
CD008691     0  18721508     0  
CD008691     0  18716364     0  
CD008691     0  18716049     0  
CD008691     0  18702961     0  
CD008691     0  18697395     0  
CD008691     0  18678302     0  
CD008691     0  18676300     0  
CD008691     0  18651552     0  
CD008691     0  18638601     0  
CD008691     0  18638584     0  
CD008691     0  18622658     0  
CD008691     0  18607165     0  
CD008691     0  18604123     0  
CD008691     0  18589097     1  
CD008691     0  18580056     0  
CD008691     0  18580053     0  
CD008691     0  18573564     0  
CD008691     0  18573389     0  
CD008691     0  18572117     0  
CD008691     0  18569907     0  
CD008691     0  18562597     0  
CD008691     0  18562059     0  
CD008691     0  18560241     0  
CD008691     0  18538099     0  
CD008691     0  18528325     0  
CD008691     0  18513419     0  
CD008691     0  18510627     1  
CD008691     0  18490301     0  
CD008691     0  18489931     0  
CD008691     0  18483462     0  
CD008691     0  18450828     0  
CD008691     0  18442713     0  
CD008691     0  18442534     0  
CD008691     0  18423809     0  
CD008691     0  18417740     0  
CD008691     0  18403432     0  
CD008691     0  18383049     0  
CD008691     0  18381881     0  
CD008691     0  18347440     0  
CD008691     0  18329466     0  
CD008691     0  18328846     0  
CD008691     0  18328840     0  
CD008691     0  18322158     0  
CD008691     0  18319217     0  
CD008691     0  18313338     0  
CD008691     0  18312161     0  
CD008691     0  18294484     0  
CD008691     0  18271843     0  
CD008691     0  18271835     0  
CD008691     0  18270131     0  
CD008691     0  18261550     0  
CD008691     0  18235089     0  
CD008691     0  18234846     0  
CD008691     0  18212695     0  
CD008691     0  18206630     0  
CD008691     0  18205762     0  
CD008691     0  18191738     0  
CD008691     0  18187495     0  
CD008691     0  18187289     0  
CD008691     0  18184879     0  
CD008691     0  18178605     0  
CD008691     0  18178459     0  
CD008691     0  18174620     0  
CD008691     0  18174269     0  
CD008691     0  18174044     0  
CD008691     0  18159100     0  
CD008691     0  18156458     0  
CD008691     0  18154800     0  
CD008691     0  18086692     0  
CD008691     0  18083761     0  
CD008691     0  18079149     0  
CD008691     0  18078907     0  
CD008691     0  18078906     0  
CD008691     0  18046083     0  
CD008691     0  18003765     0  
CD008691     0  17970775     0  
CD008691     0  17934263     0  
CD008691     0  17923464     0  
CD008691     0  17848394     0  
CD008691     0  17826782     0  
CD008691     0  17638590     0  
CD008691     0  17566575     0  
CD008691     0  17467825     0  
CD008691     0  16920140     0  
CD008691     0  19090253     0  
CD008691     0  18928155     0  
CD008691     0  18336102     0  
CD008691     0  18192951     0  
CD008691     0  18165772     0  
CD008691     0  18160761     0  
CD008691     0  18044763     0  
CD008691     0  18037745     0  
CD008691     0  17990798     1  
CD008691     0  17964041     0  
CD008691     0  17941465     0  
CD008691     0  17925609     0  
CD008691     0  17921462     0  
CD008691     0  17914539     0  
CD008691     0  17893000     0  
CD008691     0  17884368     0  
CD008691     0  17877923     0  
CD008691     0  17845634     1  
CD008691     0  17827819     0  
CD008691     0  17826390     0  
CD008691     0  17825738     0  
CD008691     0  17805238     0  
CD008691     0  17719339     0  
CD008691     0  17719319     0  
CD008691     0  17717445     0  
CD008691     0  17704043     0  
CD008691     0  17702593     0  
CD008691     0  17700401     0  
CD008691     0  17700161     0  
CD008691     0  17699471     0  
CD008691     0  17699457     0  
CD008691     0  17699396     0  
CD008691     0  17697816     0  
CD008691     0  17667211     0  
CD008691     0  17658266     0  
CD008691     0  17640315     0  
CD008691     0  17633570     0  
CD008691     0  17631213     0  
CD008691     0  17621664     0  
CD008691     0  17617653     0  
CD008691     0  17617651     0  
CD008691     0  17597083     0  
CD008691     0  17589626     0  
CD008691     0  17584197     1  
CD008691     0  17573191     0  
CD008691     0  17564063     0  
CD008691     0  17562952     0  
CD008691     0  17550928     1  
CD008691     0  17545020     0  
CD008691     0  17533516     0  
CD008691     0  17533028     0  
CD008691     0  17526984     0  
CD008691     0  17524945     0  
CD008691     0  17520568     0  
CD008691     0  17514626     0  
CD008691     0  17507891     0  
CD008691     0  17505439     0  
CD008691     0  17505133     1  
CD008691     0  17498009     0  
CD008691     0  17497448     0  
CD008691     0  17493424     0  
CD008691     0  17488145     0  
CD008691     0  17485576     0  
CD008691     0  17476034     0  
CD008691     0  17471002     0  
CD008691     0  17463198     0  
CD008691     0  17452410     0  
CD008691     0  17417765     0  
CD008691     0  17395709     0  
CD008691     0  17389785     1  
CD008691     0  17378990     0  
CD008691     0  17374087     0  
CD008691     0  17367356     0  
CD008691     0  17366357     0  
CD008691     0  17365976     0  
CD008691     0  17365912     0  
CD008691     0  17365908     0  
CD008691     0  17364118     0  
CD008691     0  17354579     0  
CD008691     0  17352135     0  
CD008691     0  17347076     0  
CD008691     0  17346915     0  
CD008691     0  17338740     0  
CD008691     0  17338428     0  
CD008691     0  17336702     0  
CD008691     0  17312351     0  
CD008691     0  17309582     0  
CD008691     0  17307417     0  
CD008691     0  17305080     0  
CD008691     0  17289431     0  
CD008691     0  17275470     0  
CD008691     0  17267536     0  
CD008691     0  17259697     0  
CD008691     0  17258568     0  
CD008691     0  17253600     0  
CD008691     0  17244916     0  
CD008691     0  17239676     0  
CD008691     0  17210392     0  
CD008691     0  17195964     0  
CD008691     0  17191206     0  
CD008691     0  17186972     0  
CD008691     0  17185155     0  
CD008691     0  17172251     0  
CD008691     0  17136027     0  
CD008691     0  17107672     0  
CD008691     0  17090607     0  
CD008691     0  17050638     0  
CD008691     0  17050631     0  
CD008691     0  17026644     0  
CD008691     0  17008798     0  
CD008691     0  16980518     1  
CD008691     0  16905139     0  
CD008691     0  16814414     0  
CD008691     0  16793151     0  
CD008691     0  16647710     0  
CD008691     0  16521051     0  
CD008691     0  17699360     0  
CD008691     0  17699259     0  
CD008691     0  17699219     0  
CD008691     0  17679817     0  
CD008691     0  17236656     0  
CD008691     0  17224890     0  
CD008691     0  17221285     0  
CD008691     0  17221034     0  
CD008691     0  17173262     0  
CD008691     0  17171316     0  
CD008691     0  17140167     0  
CD008691     0  17132882     0  
CD008691     0  17123132     0  
CD008691     0  17119380     0  
CD008691     0  17102544     1  
CD008691     0  17087427     0  
CD008691     0  17085983     0  
CD008691     0  17084425     0  
CD008691     0  17078270     0  
CD008691     0  17070422     0  
CD008691     0  17062955     0  
CD008691     0  17057922     0  
CD008691     0  17056347     0  
CD008691     0  17055689     0  
CD008691     0  17048206     0  
CD008691     0  17048205     0  
CD008691     0  17047442     0  
CD008691     0  17040978     0  
CD008691     0  17003570     0  
CD008691     0  16988062     0  
CD008691     0  16979003     0  
CD008691     0  16969750     0  
CD008691     0  16968482     0  
CD008691     0  16955104     0  
CD008691     0  16954577     0  
CD008691     0  16952302     1  
CD008691     0  16940320     0  
CD008691     0  16938228     0  
CD008691     0  16923438     0  
CD008691     0  16911184     0  
CD008691     0  16875924     1  
CD008691     0  16871241     0  
CD008691     0  16864936     0  
CD008691     0  16864812     0  
CD008691     0  16863609     0  
CD008691     0  16828417     0  
CD008691     0  16821493     0  
CD008691     0  16821026     0  
CD008691     0  16820623     0  
CD008691     0  16815856     0  
CD008691     0  16810587     0  
CD008691     0  16810416     0  
CD008691     0  16797387     0  
CD008691     0  16780064     0  
CD008691     0  16777558     0  
CD008691     0  16775894     0  
CD008691     0  16775448     0  
CD008691     0  16741650     0  
CD008691     0  16735378     0  
CD008691     0  16723988     0  
CD008691     0  16716614     0  
CD008691     0  16685142     0  
CD008691     0  16679099     0  
CD008691     0  16650240     0  
CD008691     0  16647461     0  
CD008691     0  16647439     0  
CD008691     0  16640708     0  
CD008691     0  16640517     1  
CD008691     0  16636584     0  
CD008691     0  16636488     0  
CD008691     0  16631657     0  
CD008691     0  16623672     0  
CD008691     0  16609863     0  
CD008691     0  16606867     0  
CD008691     0  16595795     0  
CD008691     0  16581337     0  
CD008691     0  16580948     0  
CD008691     0  16551290     0  
CD008691     0  16549903     0  
CD008691     0  16539621     0  
CD008691     0  16504981     0  
CD008691     0  16503954     0  
CD008691     0  16500488     0  
CD008691     0  16492298     0  
CD008691     0  16490821     0  
CD008691     0  16490629     0  
CD008691     0  16489569     0  
CD008691     0  16488920     0  
CD008691     0  16485045     0  
CD008691     0  16481876     0  
CD008691     0  16467746     0  
CD008691     0  16457710     0  
CD008691     0  16442297     0  
CD008691     0  16413522     1  
CD008691     0  16408115     0  
CD008691     0  16395255     0  
CD008691     0  16386823     0  
CD008691     0  16368308     0  
CD008691     0  16361849     0  
CD008691     0  16352622     0  
CD008691     0  16340725     1  
CD008691     0  16321665     0  
CD008691     0  16310332     0  
CD008691     0  16310267     0  
CD008691     0  16216854     0  
CD008691     0  16895685     0  
CD008691     0  16789494     0  
CD008691     0  16534221     0  
CD008691     0  16519382     0  
CD008691     0  16437335     0  
CD008691     0  16437333     0  
CD008691     0  16376196     0  
CD008691     0  16361811     0  
CD008691     0  16358990     0  
CD008691     0  16350834     0  
CD008691     0  16350818     0  
CD008691     0  16344425     0  
CD008691     0  16340024     0  
CD008691     0  16338257     0  
CD008691     0  16338253     0  
CD008691     0  16298262     0  
CD008691     0  16298258     0  
CD008691     0  16293095     0  
CD008691     0  16282683     1  
CD008691     0  16251246     0  
CD008691     0  16245242     0  
CD008691     0  16242557     0  
CD008691     0  16237683     0  
CD008691     0  16236087     0  
CD008691     0  16225109     0  
CD008691     0  16214439     0  
CD008691     0  16209963     0  
CD008691     0  16204745     0  
CD008691     0  16202107     0  
CD008691     0  16200483     0  
CD008691     0  16198934     0  
CD008691     0  16190955     0  
CD008691     0  16188511     0  
CD008691     0  16181869     0  
CD008691     0  16180779     0  
CD008691     0  16164659     0  
CD008691     0  16163425     0  
CD008691     0  16159830     0  
CD008691     0  16129208     0  
CD008691     0  16123493     0  
CD008691     0  16115849     0  
CD008691     0  16109138     0  
CD008691     0  16105059     0  
CD008691     0  16097367     0  
CD008691     0  16085465     0  
CD008691     0  16083529     0  
CD008691     0  16080976     1  
CD008691     0  16075826     0  
CD008691     0  16030034     1  
CD008691     0  16014069     0  
CD008691     0  16003716     0  
CD008691     0  15996243     0  
CD008691     0  15985387     1  
CD008691     0  15985135     0  
CD008691     0  15983955     0  
CD008691     0  15976967     0  
CD008691     0  15963738     0  
CD008691     0  15960272     0  
CD008691     0  15956822     0  
CD008691     0  15956072     0  
CD008691     0  15954917     0  
CD008691     0  15943627     0  
CD008691     0  15942180     0  
CD008691     0  15939068     0  
CD008691     0  15938026     0  
CD008691     0  15913813     0  
CD008691     0  15912119     0  
CD008691     0  15908026     0  
CD008691     0  15894962     0  
CD008691     0  15888499     0  
CD008691     0  15879602     0  
CD008691     0  15877668     0  
CD008691     0  15875551     0  
CD008691     0  15864241     0  
CD008691     0  15864236     0  
CD008691     0  15861353     0  
CD008691     0  15860518     0  
CD008691     0  15848702     1  
CD008691     0  15848540     0  
CD008691     0  15848315     0  
CD008691     0  15839989     0  
CD008691     0  15838473     0  
CD008691     0  15828903     0  
CD008691     0  15828252     0  
CD008691     0  15807181     0  
CD008691     0  15780114     0  
CD008691     0  15773630     0  
CD008691     0  15770879     0  
CD008691     0  15761631     1  
CD008691     0  15757600     0  
CD008691     0  15752228     0  
CD008691     0  15743997     1  
CD008691     0  15743271     0  
CD008691     0  15716296     0  
CD008691     0  15708149     0  
CD008691     0  15691673     0  
CD008691     0  15632474     0  
CD008691     0  15625072     0  
CD008691     0  15613068     0  
CD008691     0  15601745     0  
CD008691     0  16773801     0  
CD008691     0  15799174     0  
CD008691     0  15793624     0  
CD008691     0  15736585     0  
CD008691     0  15666478     0  
CD008691     0  15633662     0  
CD008691     0  15633660     0  
CD008691     0  15633659     0  
CD008691     0  15633658     0  
CD008691     0  15628116     0  
CD008691     0  15627718     0  
CD008691     0  15609655     0  
CD008691     0  15607622     0  
CD008691     0  15600258     0  
CD008691     0  15599628     0  
CD008691     0  15591005     0  
CD008691     0  15584591     0  
CD008691     0  15580159     0  
CD008691     0  15577064     0  
CD008691     0  15577062     0  
CD008691     0  15558523     0  
CD008691     0  15550749     0  
CD008691     0  15546893     0  
CD008691     0  15541787     0  
CD008691     0  15539124     0  
CD008691     0  15535931     0  
CD008691     0  15529903     0  
CD008691     0  15523169     0  
CD008691     0  15521215     0  
CD008691     0  15519008     0  
CD008691     0  15514576     0  
CD008691     0  15504944     0  
CD008691     0  15496175     0  
CD008691     0  15496174     0  
CD008691     0  15492470     0  
CD008691     0  15489090     0  
CD008691     0  15481627     0  
CD008691     0  15462104     1  
CD008691     0  15461067     0  
CD008691     0  15459602     0  
CD008691     0  15458460     1  
CD008691     0  15449920     0  
CD008691     0  15389228     0  
CD008691     0  15385810     0  
CD008691     0  15384711     0  
CD008691     0  15384019     0  
CD008691     0  15384013     0  
CD008691     0  15375022     0  
CD008691     0  15374805     0  
CD008691     0  15374804     0  
CD008691     0  15365955     0  
CD008691     0  15365517     0  
CD008691     0  15355614     0  
CD008691     0  15332225     0  
CD008691     0  15312855     0  
CD008691     0  15308878     0  
CD008691     0  15291295     0  
CD008691     0  15276092     0  
CD008691     0  15275627     0  
CD008691     0  15266035     0  
CD008691     0  15264192     0  
CD008691     0  15264190     0  
CD008691     0  15253738     1  
CD008691     0  15252163     0  
CD008691     0  15241739     0  
CD008691     0  15216484     0  
CD008691     0  15213315     0  
CD008691     0  15211444     0  
CD008691     0  15205654     0  
CD008691     0  15200454     0  
CD008691     0  15199357     0  
CD008691     0  15199350     0  
CD008691     0  15198880     0  
CD008691     0  15183983     0  
CD008691     0  15170720     0  
CD008691     0  15153089     0  
CD008691     0  15151268     0  
CD008691     0  15126007     0  
CD008691     0  15120820     0  
CD008691     0  15120819     0  
CD008691     0  15110601     1  
CD008691     0  15067517     0  
CD008691     0  15059406     0  
CD008691     0  15051932     0  
CD008691     0  15041933     0  
CD008691     0  15034154     0  
CD008691     0  15031345     0  
CD008691     0  15013330     0  
CD008691     0  14997923     0  
CD008691     0  14993503     0  
CD008691     0  14975472     0  
CD008691     0  14967833     0  
CD008691     0  14760327     0  
CD008691     0  14750098     0  
CD008691     0  14750097     1  
CD008691     0  14712426     0  
CD008691     0  14712183     0  
CD008691     0  14696151     0  
CD008691     0  14695458     0  
CD008691     0  15199443     0  
CD008691     0  15072511     0  
CD008691     0  15012725     0  
CD008691     0  14735034     0  
CD008691     0  14733032     0  
CD008691     0  14717425     0  
CD008691     0  14714345     0  
CD008691     0  14713182     0  
CD008691     0  14697941     0  
CD008691     0  14688493     0  
CD008691     0  14669861     0  
CD008691     0  14668778     0  
CD008691     0  14659847     0  
CD008691     0  14645643     0  
CD008691     0  14638921     0  
CD008691     0  14636911     1  
CD008691     0  14609589     0  
CD008691     0  14603803     0  
CD008691     0  14597932     0  
CD008691     0  14587658     0  
CD008691     0  14583665     0  
CD008691     0  14569102     0  
CD008691     0  14566766     0  
CD008691     0  14558338     0  
CD008691     0  14551520     0  
CD008691     0  14517943     0  
CD008691     0  14514577     0  
CD008691     0  13679468     0  
CD008691     0  12975596     0  
CD008691     0  12972118     0  
CD008691     0  12965309     0  
CD008691     0  12960472     0  
CD008691     0  12947263     0  
CD008691     0  12945083     0  
CD008691     0  12928026     0  
CD008691     0  12913060     1  
CD008691     0  12902086     0  
CD008691     0  12900820     0  
CD008691     0  12891206     0  
CD008691     0  12878555     0  
CD008691     0  12865376     0  
CD008691     0  12860215     1  
CD008691     0  12859533     0  
CD008691     0  12859361     0  
CD008691     0  12853047     0  
CD008691     0  12849660     0  
CD008691     0  12846761     0  
CD008691     0  12842520     0  
CD008691     0  12823672     0  
CD008691     0  12822153     0  
CD008691     0  12819248     0  
CD008691     0  12809394     0  
CD008691     0  12806187     0  
CD008691     0  12787418     0  
CD008691     0  12762280     0  
CD008691     0  12757335     0  
CD008691     0  12756161     0  
CD008691     0  12749391     0  
CD008691     0  12748349     0  
CD008691     0  12748330     0  
CD008691     0  12742493     0  
CD008691     0  12739835     0  
CD008691     0  12722036     0  
CD008691     0  12715142     0  
CD008691     0  12714145     0  
CD008691     0  12713716     0  
CD008691     0  12703884     0  
CD008691     0  12694344     0  
CD008691     0  12694342     0  
CD008691     0  12694316     0  
CD008691     0  12686669     0  
CD008691     0  12677766     0  
CD008691     0  12668522     0  
CD008691     0  12660678     0  
CD008691     0  12649530     0  
CD008691     0  12641882     0  
CD008691     0  12637626     0  
CD008691     0  12617333     1  
CD008691     0  12594702     0  
CD008691     0  12584280     0  
CD008691     0  12569339     0  
CD008691     0  12547989     0  
CD008691     0  12538744     0  
CD008691     0  12522700     0  
CD008691     0  12500238     0  
CD008691     0  12481147     0  
CD008691     0  12731367     0  
CD008691     0  12688148     0  
CD008691     0  12630534     0  
CD008691     0  12584890     0  
CD008691     0  12561095     0  
CD008691     0  12515377     0  
CD008691     0  12491833     0  
CD008691     0  12469955     0  
CD008691     0  12451678     0  
CD008691     0  12446066     0  
CD008691     0  12437406     0  
CD008691     0  12427146     0  
CD008691     0  12410860     0  
CD008691     0  12395219     0  
CD008691     0  12392825     0  
CD008691     0  12382405     0  
CD008691     0  12371979     0  
CD008691     0  12358138     0  
CD008691     0  12324908     1  
CD008691     0  12270460     0  
CD008691     0  12195401     0  
CD008691     0  12165941     0  
CD008691     0  12164883     0  
CD008691     0  12161224     0  
CD008691     0  12151856     0  
CD008691     0  12118900     0  
CD008691     0  12105388     0  
CD008691     0  12093777     0  
CD008691     0  12086233     0  
CD008691     0  12086231     0  
CD008691     0  12083536     0  
CD008691     0  12081584     0  
CD008691     0  12077492     0  
CD008691     0  12077491     0  
CD008691     0  12070108     0  
CD008691     0  12048904     0  
CD008691     0  12021221     0  
CD008691     0  12010906     0  
CD008691     0  12005213     0  
CD008691     0  12001177     0  
CD008691     0  11999668     0  
CD008691     0  11995323     0  
CD008691     0  11978689     0  
CD008691     0  11947918     0  
CD008691     0  11936426     1  
CD008691     0  11904814     0  
CD008691     0  11865839     0  
CD008691     0  11849871     0  
CD008691     0  11849407     0  
CD008691     0  11840363     0  
CD008691     0  11793497     0  
CD008691     0  11788408     0  
CD008691     0  11773471     0  
CD008691     0  12601961     0  
CD008691     0  11885754     0  
CD008691     0  11833703     0  
CD008691     0  11831587     0  
CD008691     0  11777319     0  
CD008691     0  11758004     0  
CD008691     0  11747174     0  
CD008691     0  11733629     0  
CD008691     0  11728948     0  
CD008691     0  11725913     0  
CD008691     0  11718051     0  
CD008691     0  11683822     1  
CD008691     0  11679096     0  
CD008691     0  11601190     0  
CD008691     0  11583881     0  
CD008691     0  11576954     0  
CD008691     0  11576920     0  
CD008691     0  11568034     0  
CD008691     0  11567589     0  
CD008691     0  11562412     0  
CD008691     0  11527621     0  
CD008691     0  11479472     0  
CD008691     0  11457742     0  
CD008691     0  11455525     0  
CD008691     0  11453576     0  
CD008691     0  11431183     0  
CD008691     0  11423581     0  
CD008691     0  11406912     0  
CD008691     0  11397353     0  
CD008691     0  11390723     0  
CD008691     0  11390720     0  
CD008691     0  11382689     0  
CD008691     0  11369827     0  
CD008691     0  11351774     0  
CD008691     0  11318755     0  
CD008691     0  11318751     0  
CD008691     0  11315400     0  
CD008691     0  11303010     0  
CD008691     0  11287755     0  
CD008691     0  11274940     0  
CD008691     0  11274279     0  
CD008691     0  11269673     0  
CD008691     0  11251260     0  
CD008691     0  11231428     0  
CD008691     0  11226084     0  
CD008691     0  11216736     0  
CD008691     0  11172558     0  
CD008691     0  11172556     0  
CD008691     0  11172555     0  
CD008691     0  11158864     0  
CD008691     0  11146683     0  
CD008691     0  11136168     1  
CD008691     0  11232976     0  
CD008691     0  11178293     0  
CD008691     0  11127308     0  
CD008691     0  11113047     0  
CD008691     0  11111956     1  
CD008691     0  11107078     0  
CD008691     0  11083330     0  
CD008691     0  11079656     0  
CD008691     0  11071992     0  
CD008691     0  11052267     1  
CD008691     0  11022652     0  
CD008691     0  11018687     0  
CD008691     0  11009262     0  
CD008691     0  11007854     0  
CD008691     0  10977792     0  
CD008691     0  10975031     0  
CD008691     0  10970980     0  
CD008691     0  10955252     0  
CD008691     0  10953259     0  
CD008691     0  10946031     0  
CD008691     0  10933155     0  
CD008691     0  10926109     0  
CD008691     0  10898454     0  
CD008691     0  10870011     0  
CD008691     0  10843246     0  
CD008691     0  10827380     0  
CD008691     0  10816185     0  
CD008691     0  10808299     0  
CD008691     0  10808292     0  
CD008691     0  10803449     0  
CD008691     0  10773561     0  
CD008691     0  10752967     0  
CD008691     0  10644903     0  
CD008691     0  10835920     0  
CD008691     0  10659582     0  
CD008691     0  10630819     0  
CD008691     0  10584599     0  
CD008691     0  10551681     0  
CD008691     0  10546140     0  
CD008691     0  10544610     0  
CD008691     0  10539833     0  
CD008691     0  10535717     0  
CD008691     0  10522587     0  
CD008691     0  10513158     0  
CD008691     0  10513157     0  
CD008691     0  10470472     0  
CD008691     0  10467215     0  
CD008691     0  10450738     0  
CD008691     0  10433703     0  
CD008691     0  10422621     0  
CD008691     0  10386420     0  
CD008691     0  10386419     0  
CD008691     0  10386414     0  
CD008691     0  10383013     0  
CD008691     0  10383012     0  
CD008691     0  10352196     1  
CD008691     0  10232689     0  
CD008691     0  10221467     0  
CD008691     0  10097545     0  
CD008691     0  10090349     0  
CD008691     0  10087474     0  
CD008691     0  10049195     0  
CD008691     0  9973028      0  
CD008691     0  9973020      0  
CD008691     0  9893112      0  
CD008691     0  10343078     0  
CD008691     0  10095802     0  
CD008691     0  10025064     0  
CD008691     0  9914952      0  
CD008691     0  9857935      0  
CD008691     0  9853162      0  
CD008691     0  9847582      0  
CD008691     0  9813755      0  
CD008691     0  9807034      0  
CD008691     0  9797147      0  
CD008691     0  9761973      0  
CD008691     0  9753853      0  
CD008691     0  9738122      0  
CD008691     0  9691592      0  
CD008691     0  9685126      0  
CD008691     0  9648086      1  
CD008691     0  9604070      0  
CD008691     0  9596081      0  
CD008691     0  9575401      1  
CD008691     0  9567044      0  
CD008691     0  9567039      0  
CD008691     0  9564946      0  
CD008691     0  9550645      0  
CD008691     0  9492240      0  
CD008691     0  9520130      0  
CD008691     0  9470062      0  
CD008691     0  9464592      0  
CD008691     0  9431840      0  
CD008691     0  9404246      0  
CD008691     0  9404111      0  
CD008691     0  9361933      0  
CD008691     0  9304313      0  
CD008691     0  9284841      0  
CD008691     0  9284429      0  
CD008691     0  9241623      0  
CD008691     0  9216132      0  
CD008691     0  9198049      0  
CD008691     0  9190440      0  
CD008691     0  9158024      0  
CD008691     0  9141000      0  
CD008691     0  9135610      1  
CD008691     0  9134832      0  
CD008691     0  9122976      1  
CD008691     0  9113492      0  
CD008691     0  9100051      1  
CD008691     0  9071143      0  
CD008691     0  9070553      0  
CD008691     0  9016902      0  
CD008691     0  9167787      0  
CD008691     0  9036291      0  
CD008691     0  9023707      0  
CD008691     0  8979003      0  
CD008691     0  8932262      1  
CD008691     0  8915964      0  
CD008691     0  8861439      0  
CD008691     0  8843118      0  
CD008691     0  8803638      0  
CD008691     0  8788732      0  
CD008691     0  8784984      0  
CD008691     0  8725677      0  
CD008691     0  8709414      0  
CD008691     0  8657415      0  
CD008691     0  8654213      0  
CD008691     0  8604709      0  
CD008691     0  8546139      0  
CD008691     0  8808221      0  
CD008691     0  8665982      0  
CD008691     0  8572857      1  
CD008691     0  7900665      1  
CD008691     0  7878539      0  
CD008691     0  7847356      0  
CD008691     0  7750623      0  
CD008691     0  7731145      0  
CD008691     0  7646157      0  
CD008691     0  7602867      0  
CD008691     0  7586302      0  
CD008691     0  7579064      0  
CD008691     0  7579050      0  
CD008691     0  7566298      0  
CD008691     0  7500898      0  
CD008691     0  8171522      0  
CD008691     0  8039226      0  
CD008691     0  8037090      0  
CD008691     0  8035633      0  
CD008691     0  8020052      0  
CD008691     0  8001103      0  
CD008691     0  7999844      0  
CD008691     0  7990283      0  
CD008691     0  7989797      0  
CD008691     0  7986481      0  
CD008691     0  7982418      0  
CD008691     0  7977476      0  
CD008691     0  7955310      0  
CD008691     0  7942820      0  
CD008691     0  7862226      0  
CD008691     0  7835359      0  
CD008691     0  10146597     0  
CD008691     0  8499068      0  
CD008691     0  8488402      0  
CD008691     0  8469788      0  
CD008691     0  8461627      0  
CD008691     0  8450597      0  
CD008691     0  8437387      0  
CD008691     0  8430569      0  
CD008691     0  8418631      0  
CD008691     0  8379318      0  
CD008691     0  8377288      0  
CD008691     0  8361888      0  
CD008691     0  8336042      0  
CD008691     0  8336026      0  
CD008691     0  8314645      0  
CD008691     0  8311744      0  
CD008691     0  8300457      0  
CD008691     0  8277603      0  
CD008691     0  8231036      0  
CD008691     0  8159304      0  
CD008691     0  8129558      0  
CD008691     0  8102238      0  
CD008691     0  1626568      1  
CD008691     0  1621408      0  
CD008691     0  1553000      0  
CD008691     0  1525805      0  
CD008691     0  1487382      0  
CD008691     0  1465270      0  
CD008691     0  1436308      0  
CD008691     0  1386292      0  
CD008691     0  1357450      0  
CD008691     0  1331875      0  
CD008691     0  10147633     1  
CD008691     0  2029013      1  
CD008691     0  2014921      1  
CD008691     0  1989332      0  
CD008691     0  1959245      1  
CD008691     0  1934671      0  
CD008691     0  1844439      0  
CD008691     0  1843504      0  
CD008691     0  1833574      0  
CD008691     0  1832984      0  
CD008691     0  1828650      0  
CD008691     0  1789122      0  
CD008691     0  1784539      0  
CD008691     0  1777585      0  
CD008691     0  1751258      0  
CD008691     0  2353652      1  
CD008691     0  2338771      0  
CD008691     0  2315467      1  
CD008691     0  2309593      0  
CD008691     0  2300998      1  
CD008691     0  2252044      0  
CD008691     0  2226509      1  
CD008691     0  2208196      0  
CD008691     0  2148851      0  
CD008691     0  2143353      0  
CD008691     0  2108635      0  
CD008691     0  1968526      0  
CD008691     0  2787845      0  
CD008691     0  2678807      0  
CD008691     0  2667345      1  
CD008691     0  2624791      0  
CD008691     0  2615025      0  
CD008691     0  2613358      0  
CD008691     0  2560905      0  
CD008691     0  2528654      0  
CD008691     0  2525969      0  
CD008691     0  2525871      0  
CD008691     0  3403826      0  
CD008691     0  3382298      0  
CD008691     0  3294231      0  
CD008691     0  3275808      0  
CD008691     0  3257495      0  
CD008691     0  3232411      0  
CD008691     0  3226093      0  
CD008691     0  3049845      0  
CD008691     0  3573209      0  
CD008691     0  3557738      0  
CD008691     0  3552553      0  
CD008691     0  3313892      0  
CD008691     0  3308409      0  
CD008691     0  3301199      0  
CD008691     0  2956742      0  
CD008691     0  3964590      0  
CD008691     0  3960242      0  
CD008691     0  3830201      0  
CD008691     0  3568673      0  
CD008691     0  3532789      1  
CD008691     0  3518165      0  
CD008691     0  3513879      0  
CD008691     0  3458343      0  
CD008691     0  2427239      0  
CD008691     0  3991956      0  
CD008691     0  3991506      0  
CD008691     0  3987103      0  
CD008691     0  3984738      0  
CD008691     0  3894688      0  
CD008691     0  6733995      0  
CD008691     0  6720755      0  
CD008691     0  6690369      0  
CD008691     0  6525845      0  
CD008691     0  6514077      0  
CD008691     0  6506128      0  
CD008691     0  6482169      0  
CD008691     0  6475083      0  
CD008691     0  6375027      1  
CD008691     0  6372457      0  
CD008691     0  6371778      0  
CD008691     0  6862803      0  
CD008691     0  6858907      0  
CD008691     0  6657654      0  
CD008691     0  6645211      0  
CD008691     0  6600759      0  
CD008691     0  6355509      0  
CD008691     0  6351648      1  
CD008691     0  7051035      0  
CD008691     0  6979796      0  
CD008691     0  7282731      0  
CD008691     0  7047115      0  
CD008691     0  7439040      0  
CD008691     0  6965831      0  
CD008691     0  6965748      0  
CD008691     0  552050       0  
CD008691     0  153711       0  
CD008691     0  636913       0  
CD008691     0  635507       0  
CD008691     0  361277       1  
CD008691     0  360837       1  
CD008691     0  343680       0  
CD008691     0  329434       0  
CD008691     0  300984       0  
CD008691     0  143402       0  
CD008691     0  1260553      0  
CD008691     0  775643       0  
CD008691     0  1227189      0  
CD008691     0  1146731      0  
