CD009944     0  25283742     0  
CD009944     0  24890418     0  
CD009944     0  25531999     0  
CD009944     0  25526418     0  
CD009944     0  25518478     0  
CD009944     0  25497562     0  
CD009944     0  25485917     0  
CD009944     0  25418949     0  
CD009944     0  25400740     0  
CD009944     0  25400468     0  
CD009944     0  25400441     0  
CD009944     0  25384293     0  
CD009944     0  25347506     0  
CD009944     0  25333398     0  
CD009944     0  25320516     0  
CD009944     0  25320515     0  
CD009944     0  25310426     0  
CD009944     0  25292061     0  
CD009944     0  25283226     0  
CD009944     0  25278693     0  
CD009944     0  25234769     0  
CD009944     0  25206285     0  
CD009944     0  25162448     0  
CD009944     0  25132764     0  
CD009944     0  25127939     0  
CD009944     0  25121627     0  
CD009944     0  25111136     0  
CD009944     0  25110449     0  
CD009944     0  25090461     0  
CD009944     0  25083097     0  
CD009944     0  25076782     0  
CD009944     0  25071361     0  
CD009944     0  25036658     0  
CD009944     0  25009400     0  
CD009944     0  25000218     0  
CD009944     0  24906096     0  
CD009944     0  24895557     0  
CD009944     0  24789149     0  
CD009944     0  24784121     0  
CD009944     0  24783909     0  
CD009944     0  24782610     0  
CD009944     0  24744134     0  
CD009944     0  24711267     0  
CD009944     0  24671350     0  
CD009944     0  24659867     0  
CD009944     0  24646602     0  
CD009944     0  24636963     0  
CD009944     0  24628514     0  
CD009944     0  24598097     0  
CD009944     0  24561693     0  
CD009944     0  24551311     0  
CD009944     0  24523031     0  
CD009944     0  24500321     0  
CD009944     0  24488356     0  
CD009944     0  24480200     0  
CD009944     0  24472342     0  
CD009944     0  24415526     0  
CD009944     0  24380991     0  
CD009944     0  24369919     0  
CD009944     0  24366418     0  
CD009944     0  24355070     0  
CD009944     0  24323063     0  
CD009944     0  24263458     0  
CD009944     0  24246795     0  
CD009944     0  24215757     0  
CD009944     0  24154498     0  
CD009944     0  24149848     0  
CD009944     0  24036993     0  
CD009944     0  23992387     0  
CD009944     0  23635014     0  
CD009944     0  23279745     0  
CD009944     0  24502069     0  
CD009944     0  24483032     0  
CD009944     0  24409055     0  
CD009944     0  24394026     0  
CD009944     0  24379641     0  
CD009944     0  24340309     0  
CD009944     0  24312703     0  
CD009944     0  24223855     0  
CD009944     0  24150801     0  
CD009944     0  24131359     0  
CD009944     0  24129305     0  
CD009944     0  24108557     0  
CD009944     0  24078995     0  
CD009944     0  24078993     0  
CD009944     0  24039368     0  
CD009944     0  24028888     0  
CD009944     0  24021732     0  
CD009944     0  24009205     0  
CD009944     0  23998446     0  
CD009944     0  23995566     0  
CD009944     0  23992089     0  
CD009944     0  23950077     0  
CD009944     0  23945921     0  
CD009944     0  23943115     0  
CD009944     0  23922473     0  
CD009944     0  23910174     0  
CD009944     0  23902569     0  
CD009944     0  23859450     0  
CD009944     0  23855544     0  
CD009944     0  23837259     0  
CD009944     0  23831658     0  
CD009944     0  23801875     0  
CD009944     0  23769459     0  
CD009944     0  23751997     0  
CD009944     0  23722535     0  
CD009944     0  23680707     0  
CD009944     0  23617646     0  
CD009944     0  23613938     0  
CD009944     0  23557836     0  
CD009944     0  23479274     0  
CD009944     0  23465968     0  
CD009944     0  23462130     0  
CD009944     0  23446466     0  
CD009944     0  23430958     0  
CD009944     0  23374227     0  
CD009944     0  23372369     0  
CD009944     0  23369082     0  
CD009944     0  23361497     0  
CD009944     0  23329369     0  
CD009944     0  23288709     0  
CD009944     0  23286261     0  
CD009944     0  23179895     0  
CD009944     0  23158953     0  
CD009944     0  23052533     0  
CD009944     0  23015224     1  
CD009944     0  22945338     0  
CD009944     0  22776721     0  
CD009944     0  22707246     0  
CD009944     0  22642487     0  
CD009944     0  22633196     0  
CD009944     0  22302678     0  
CD009944     0  8454156      0  
CD009944     0  2279643      0  
CD009944     0  11979247     0  
CD009944     0  8365597      0  
CD009944     0  12397278     0  
CD009944     0  7672545      0  
CD009944     0  14722547     0  
CD009944     0  8929803      0  
CD009944     0  9831836      0  
CD009944     0  15672076     0  
CD009944     0  2279657      0  
CD009944     0  15229425     1  
CD009944     0  12297753     0  
CD009944     0  12297744     0  
CD009944     0  9087830      0  
CD009944     0  11023589     0  
CD009944     0  8903812      0  
CD009944     0  8514069      0  
CD009944     0  11115949     0  
CD009944     0  8929804      0  
CD009944     0  10840321     0  
CD009944     0  11174309     0  
CD009944     0  9831834      1  
CD009944     0  10840319     0  
CD009944     0  8929802      0  
CD009944     0  7859967      0  
CD009944     0  12776026     0  
CD009944     0  9786108      1  
CD009944     0  11323606     0  
CD009944     0  1473669      0  
CD009944     0  1612376      0  
CD009944     0  9199903      0  
CD009944     0  1511822      1  
CD009944     0  8365600      0  
CD009944     0  15332051     0  
CD009944     0  11115926     0  
CD009944     0  8979069      0  
CD009944     0  15557945     0  
CD009944     0  10502173     0  
CD009944     0  8929801      0  
CD009944     0  10625802     0  
CD009944     0  10840300     0  
CD009944     0  15044880     0  
CD009944     0  10570337     0  
CD009944     0  8365619      1  
CD009944     0  9351036      0  
CD009944     0  7672544      0  
CD009944     0  15114303     1  
CD009944     0  10385739     0  
CD009944     0  10570330     0  
CD009944     0  9087845      0  
CD009944     0  10502181     1  
CD009944     0  10805852     0  
CD009944     0  15933685     0  
CD009944     0  15472700     0  
CD009944     0  9468428      0  
CD009944     0  19111705     0  
CD009944     0  14997145     0  
CD009944     0  9283880      0  
CD009944     0  22493423     0  
CD009944     0  12712687     0  
CD009944     0  23323018     0  
CD009944     0  23290296     0  
CD009944     0  23198557     0  
CD009944     0  23161297     0  
CD009944     0  23155323     0  
CD009944     0  23132035     0  
CD009944     0  23108774     0  
CD009944     0  23065169     0  
CD009944     0  23026272     0  
CD009944     0  23012716     0  
CD009944     0  23001857     0  
CD009944     0  22978826     0  
CD009944     0  22978534     0  
CD009944     0  22878576     0  
CD009944     0  22875693     0  
CD009944     0  22864063     0  
CD009944     0  22832999     0  
CD009944     0  22817786     0  
CD009944     0  22814916     0  
CD009944     0  22798124     0  
CD009944     0  22798116     0  
CD009944     0  22797706     0  
CD009944     0  22752891     0  
CD009944     0  22735877     0  
CD009944     0  22726492     0  
CD009944     0  22659358     0  
CD009944     0  22638777     0  
CD009944     0  22632944     0  
CD009944     0  22623626     0  
CD009944     0  22622756     0  
CD009944     0  22553412     0  
CD009944     0  22549558     0  
CD009944     0  22546130     0  
CD009944     0  22528672     1  
CD009944     0  22514164     0  
CD009944     0  22507517     0  
CD009944     0  22465973     0  
CD009944     0  22434371     0  
CD009944     0  22407696     0  
CD009944     0  22403513     0  
CD009944     0  22370287     0  
CD009944     0  22370214     0  
CD009944     0  22356674     0  
CD009944     0  22281109     0  
CD009944     0  22269290     0  
CD009944     0  22237654     0  
CD009944     0  22214545     0  
CD009944     0  22203456     0  
CD009944     0  22155849     0  
CD009944     0  22149585     0  
CD009944     0  22113210     0  
CD009944     0  22098836     0  
CD009944     0  22098828     0  
CD009944     0  22087794     0  
CD009944     0  22083418     0  
CD009944     0  22081010     0  
CD009944     0  22032850     0  
CD009944     0  22023087     0  
CD009944     0  21890816     0  
CD009944     0  21842399     0  
CD009944     0  21837458     0  
CD009944     0  21104163     0  
CD009944     0  22194049     0  
CD009944     0  22166314     1  
CD009944     0  22166282     0  
CD009944     0  22149569     0  
CD009944     0  22147987     0  
CD009944     0  22088375     0  
CD009944     0  22020704     0  
CD009944     0  21964895     0  
CD009944     0  21963065     0  
CD009944     0  21960102     0  
CD009944     0  21946028     0  
CD009944     0  21940574     1  
CD009944     0  21936722     0  
CD009944     0  21889136     0  
CD009944     0  21862764     0  
CD009944     0  21839394     0  
CD009944     0  21833902     0  
CD009944     0  21830381     0  
CD009944     0  21824594     1  
CD009944     0  21818921     0  
CD009944     0  21812356     0  
CD009944     0  21811283     0  
CD009944     0  21762901     0  
CD009944     0  21725509     1  
CD009944     0  21712035     0  
CD009944     0  21656454     0  
CD009944     0  21656305     0  
CD009944     0  21654296     0  
CD009944     0  21645682     0  
CD009944     0  21576898     0  
CD009944     0  21573731     0  
CD009944     0  21523447     0  
CD009944     0  21519368     1  
CD009944     0  21456015     0  
CD009944     0  21444080     0  
CD009944     0  21424074     1  
CD009944     0  21391168     0  
CD009944     0  21385469     0  
CD009944     0  21349732     0  
CD009944     0  21302203     0  
CD009944     0  21295636     0  
CD009944     0  21278579     1  
CD009944     0  21278578     0  
CD009944     0  21262536     0  
CD009944     0  21261477     0  
CD009944     0  21175796     0  
CD009944     0  21084436     0  
CD009944     0  21073614     0  
CD009944     0  21049402     0  
CD009944     0  21030318     0  
CD009944     0  20848224     0  
CD009944     0  20734082     1  
CD009944     0  20676688     0  
CD009944     0  20589510     0  
CD009944     0  20235004     0  
CD009944     0  21434369     0  
CD009944     0  21434368     0  
CD009944     0  21427921     0  
CD009944     0  21173556     0  
CD009944     0  21140708     0  
CD009944     0  21140689     0  
CD009944     0  21137089     0  
CD009944     0  21080306     0  
CD009944     0  21071896     0  
CD009944     0  21053508     0  
CD009944     0  21051029     0  
CD009944     0  21043008     0  
CD009944     0  21040674     0  
CD009944     0  20981593     0  
CD009944     0  20937424     0  
CD009944     0  20931455     0  
CD009944     0  20883873     0  
CD009944     0  20828403     0  
CD009944     0  20729057     0  
CD009944     0  20721843     0  
CD009944     0  20706065     0  
CD009944     0  20676872     0  
CD009944     0  20669078     0  
CD009944     0  20652857     1  
CD009944     0  20646389     0  
CD009944     0  20617861     1  
CD009944     0  20598257     0  
CD009944     0  20593045     0  
CD009944     0  20547601     0  
CD009944     0  20525472     0  
CD009944     0  20517819     0  
CD009944     0  20490559     0  
CD009944     0  20444330     0  
CD009944     0  20428946     0  
CD009944     0  20386524     0  
CD009944     0  20372144     0  
CD009944     0  20370729     1  
CD009944     0  20361084     0  
CD009944     0  20354939     0  
CD009944     0  20349310     0  
CD009944     0  20226456     0  
CD009944     0  20208328     0  
CD009944     0  20206104     0  
CD009944     0  20206103     0  
CD009944     0  20195993     0  
CD009944     0  20189507     0  
CD009944     0  20171632     0  
CD009944     0  20168059     0  
CD009944     0  20143466     0  
CD009944     0  20074167     1  
CD009944     0  20065544     0  
CD009944     0  20012229     0  
CD009944     0  19915911     0  
CD009944     0  19780880     0  
CD009944     0  19692298     0  
CD009944     0  19585066     1  
CD009944     0  19473206     0  
CD009944     0  20423774     0  
CD009944     0  20214236     0  
CD009944     0  20214235     0  
CD009944     0  20092724     0  
CD009944     0  20076819     0  
CD009944     0  20067055     0  
CD009944     0  20047128     0  
CD009944     0  20021869     0  
CD009944     0  19997804     0  
CD009944     0  19966629     0  
CD009944     0  19961528     0  
CD009944     0  19950778     0  
CD009944     0  19942829     0  
CD009944     0  19902288     0  
CD009944     0  19888251     0  
CD009944     0  19799087     0  
CD009944     0  19788616     0  
CD009944     0  19744639     0  
CD009944     0  19744633     0  
CD009944     0  19744632     0  
CD009944     0  19744631     0  
CD009944     0  19744630     0  
CD009944     0  19744629     0  
CD009944     0  19728181     0  
CD009944     0  19717032     0  
CD009944     0  19696980     0  
CD009944     0  19688686     0  
CD009944     0  19685034     0  
CD009944     0  19649759     0  
CD009944     0  19623328     0  
CD009944     0  19610138     0  
CD009944     0  19567240     0  
CD009944     0  19565050     0  
CD009944     0  19565047     0  
CD009944     0  19535049     0  
CD009944     0  19500741     0  
CD009944     0  19454825     0  
CD009944     0  19436301     0  
CD009944     0  19391408     0  
CD009944     0  19390927     0  
CD009944     0  19388564     0  
CD009944     0  19383079     0  
CD009944     0  19365980     0  
CD009944     0  19360926     0  
CD009944     0  19356336     0  
CD009944     0  19349904     0  
CD009944     0  19340738     0  
CD009944     0  19340737     0  
CD009944     0  19264188     0  
CD009944     0  19263158     0  
CD009944     0  19228527     1  
CD009944     0  19224191     0  
CD009944     0  19191855     0  
CD009944     0  19184999     0  
CD009944     0  19145498     0  
CD009944     0  19118422     0  
CD009944     0  19111699     0  
CD009944     0  19077733     1  
CD009944     0  19023576     0  
CD009944     0  19021684     0  
CD009944     0  19018597     0  
CD009944     0  18951813     0  
CD009944     0  18937292     1  
CD009944     0  18758957     0  
CD009944     0  18599051     0  
CD009944     0  18473175     0  
CD009944     0  18337043     1  
CD009944     0  19847285     0  
CD009944     0  19340612     0  
CD009944     0  19145866     0  
CD009944     0  19145852     0  
CD009944     0  19125791     0  
CD009944     0  19122505     0  
CD009944     0  19097381     0  
CD009944     0  19085848     0  
CD009944     0  19077506     0  
CD009944     0  19077499     0  
CD009944     0  19077478     0  
CD009944     0  19068680     0  
CD009944     0  19031933     1  
CD009944     0  19030221     0  
CD009944     0  19025312     0  
CD009944     0  18926098     0  
CD009944     0  18853994     0  
CD009944     0  18840132     0  
CD009944     0  18833142     0  
CD009944     0  18822678     0  
CD009944     0  18821273     0  
CD009944     0  18810677     0  
CD009944     0  18785950     0  
CD009944     0  18774355     1  
CD009944     0  18711673     0  
CD009944     0  18708997     0  
CD009944     0  18705349     0  
CD009944     0  18705348     0  
CD009944     0  18670347     0  
CD009944     0  18656040     0  
CD009944     0  18655220     0  
CD009944     0  18645535     0  
CD009944     0  18635171     0  
CD009944     0  18634267     0  
CD009944     0  18633900     0  
CD009944     0  18619382     0  
CD009944     0  18616020     0  
CD009944     0  18609685     0  
CD009944     0  18589911     0  
CD009944     0  18537089     0  
CD009944     0  18537087     0  
CD009944     0  18537084     0  
CD009944     0  18487569     0  
CD009944     0  18464198     0  
CD009944     0  18425224     0  
CD009944     0  18416467     0  
CD009944     0  18392238     0  
CD009944     0  18374717     0  
CD009944     0  18365909     0  
CD009944     0  18317850     0  
CD009944     0  18279861     0  
CD009944     0  18277026     0  
CD009944     0  18253139     0  
CD009944     0  18251793     1  
CD009944     0  18226703     0  
CD009944     0  18209979     0  
CD009944     0  18197937     0  
CD009944     0  18154819     0  
CD009944     0  18084953     0  
CD009944     0  17906857     0  
CD009944     0  17704882     0  
CD009944     0  17681735     0  
CD009944     0  17619927     0  
CD009944     0  18330087     0  
CD009944     0  18317657     0  
CD009944     0  18096635     0  
CD009944     0  18031362     0  
CD009944     0  18025508     0  
CD009944     0  18004617     0  
CD009944     0  17985093     0  
CD009944     0  17970550     0  
CD009944     0  17963876     1  
CD009944     0  17926240     0  
CD009944     0  17921961     0  
CD009944     0  17921960     0  
CD009944     0  17921958     0  
CD009944     0  17921945     0  
CD009944     0  17921942     0  
CD009944     0  17921934     0  
CD009944     0  17921932     0  
CD009944     0  17903735     1  
CD009944     0  17899502     0  
CD009944     0  17848957     0  
CD009944     0  17825769     0  
CD009944     0  17729401     0  
CD009944     0  17725938     0  
CD009944     0  17681503     0  
CD009944     0  17679378     0  
CD009944     0  17679360     0  
CD009944     0  17676284     0  
CD009944     0  17674366     0  
CD009944     0  17659723     0  
CD009944     0  17643702     0  
CD009944     0  17641581     0  
CD009944     0  17636525     1  
CD009944     0  17632318     0  
CD009944     0  17614044     0  
CD009944     0  17611381     0  
CD009944     0  17599290     0  
CD009944     0  17531648     0  
CD009944     0  17522512     0  
CD009944     0  17513817     0  
CD009944     0  17465457     1  
CD009944     0  17461483     0  
CD009944     0  17454885     0  
CD009944     0  17443300     0  
CD009944     0  17427068     0  
CD009944     0  17419284     0  
CD009944     0  17357856     1  
CD009944     0  17355626     0  
CD009944     0  17344017     0  
CD009944     0  17327968     0  
CD009944     0  17327860     0  
CD009944     0  17321235     0  
CD009944     0  17306018     0  
CD009944     0  17305993     0  
CD009944     0  17295269     0  
CD009944     0  17285484     0  
CD009944     0  17273006     0  
CD009944     0  17252454     0  
CD009944     0  17245217     0  
CD009944     0  17185086     0  
CD009944     0  17185085     0  
CD009944     0  17180286     1  
CD009944     0  17103278     0  
CD009944     0  17097828     0  
CD009944     0  18080789     1  
CD009944     0  17274543     0  
CD009944     0  17208679     0  
CD009944     0  17152491     0  
CD009944     0  17148924     0  
CD009944     0  17123147     0  
CD009944     0  17111330     0  
CD009944     0  17083379     0  
CD009944     0  17080734     0  
CD009944     0  17069596     0  
CD009944     0  17069595     1  
CD009944     0  17058169     0  
CD009944     0  17058168     0  
CD009944     0  17054580     1  
CD009944     0  17048995     0  
CD009944     0  17048994     1  
CD009944     0  17032186     0  
CD009944     0  17014036     0  
CD009944     0  16997159     0  
CD009944     0  16996369     0  
CD009944     0  16996340     0  
CD009944     0  16996339     0  
CD009944     0  16996338     1  
CD009944     0  16970009     0  
CD009944     0  16944539     0  
CD009944     0  16910362     0  
CD009944     0  16909683     0  
CD009944     0  16896560     1  
CD009944     0  16865626     0  
CD009944     0  16860623     0  
CD009944     0  16858502     0  
CD009944     0  16817044     1  
CD009944     0  16802008     0  
CD009944     0  16790035     0  
CD009944     0  16762644     0  
CD009944     0  16762643     0  
CD009944     0  16760764     0  
CD009944     0  16737418     0  
CD009944     0  16733039     0  
CD009944     0  16680651     0  
CD009944     0  16650532     0  
CD009944     0  16607858     0  
CD009944     0  16555933     0  
CD009944     0  16549326     0  
CD009944     0  16511853     0  
CD009944     0  16509885     0  
CD009944     0  16488726     0  
CD009944     0  16454829     0  
CD009944     0  16446988     1  
CD009944     0  16440415     1  
CD009944     0  16437280     0  
CD009944     0  16429349     0  
CD009944     0  16405535     0  
CD009944     0  16405532     0  
CD009944     0  16377316     0  
CD009944     0  16369707     0  
CD009944     0  15994110     0  
CD009944     0  16552963     0  
CD009944     0  16422371     0  
CD009944     0  16393217     0  
CD009944     0  16382404     0  
CD009944     0  16350723     0  
CD009944     0  16296577     0  
CD009944     0  16277021     0  
CD009944     0  16265099     0  
CD009944     0  16253903     0  
CD009944     0  16253898     0  
CD009944     0  16246710     0  
CD009944     0  16241088     0  
CD009944     0  16193595     0  
CD009944     0  16174173     0  
CD009944     0  16166979     0  
CD009944     0  16154828     0  
CD009944     0  16154827     0  
CD009944     0  16138769     0  
CD009944     0  16123900     0  
CD009944     0  16121346     1  
CD009944     0  16119315     0  
CD009944     0  16118804     0  
CD009944     0  16111960     0  
CD009944     0  16086122     0  
CD009944     0  16082311     0  
CD009944     0  16037686     0  
CD009944     0  16035248     0  
CD009944     0  16013651     0  
CD009944     0  16001347     0  
CD009944     0  15990940     0  
CD009944     0  15990051     0  
CD009944     0  15990049     0  
CD009944     0  15966244     0  
CD009944     0  15957097     0  
CD009944     0  15955787     0  
CD009944     0  15930991     0  
CD009944     0  15908763     0  
CD009944     0  15894867     0  
CD009944     0  15870977     0  
CD009944     0  15868240     0  
CD009944     0  15837048     0  
CD009944     0  15831220     0  
CD009944     0  15817234     0  
CD009944     0  15812432     0  
CD009944     0  15784023     0  
CD009944     0  15783014     0  
CD009944     0  15773837     1  
CD009944     0  15772477     0  
CD009944     0  15758616     0  
CD009944     0  15756663     0  
CD009944     0  15718321     0  
CD009944     0  15657854     0  
CD009944     0  15657851     0  
CD009944     0  15609403     0  
CD009944     0  15527812     0  
CD009944     0  15757146     0  
CD009944     0  15756395     0  
CD009944     0  15646531     0  
CD009944     0  15630987     0  
CD009944     0  15609698     0  
CD009944     0  15560451     0  
CD009944     0  15533229     0  
CD009944     0  15532836     0  
CD009944     0  15532798     0  
CD009944     0  15520913     1  
CD009944     0  15520910     0  
CD009944     0  15511474     0  
CD009944     0  15483756     0  
CD009944     0  15459495     0  
CD009944     0  15455287     0  
CD009944     0  15368107     0  
CD009944     0  15362758     0  
CD009944     0  15338368     0  
CD009944     0  15328428     0  
CD009944     0  15297944     0  
CD009944     0  15297943     0  
CD009944     0  15293725     0  
CD009944     0  15261752     0  
CD009944     0  15254045     1  
CD009944     0  15243886     0  
CD009944     0  15243885     1  
CD009944     0  15240535     0  
CD009944     0  15239279     0  
CD009944     0  15229778     0  
CD009944     0  15209752     0  
CD009944     0  15202101     0  
CD009944     0  15181133     0  
CD009944     0  15170656     0  
CD009944     0  15167828     0  
CD009944     0  15160337     0  
CD009944     0  15145719     0  
CD009944     0  15123091     0  
CD009944     0  15108226     0  
CD009944     0  15106347     0  
CD009944     0  15086218     0  
CD009944     0  15083179     0  
CD009944     0  15056091     0  
CD009944     0  15042821     0  
CD009944     0  15028314     0  
CD009944     0  15023013     0  
CD009944     0  15007245     0  
CD009944     0  15006581     0  
CD009944     0  14996154     0  
CD009944     0  14990127     0  
CD009944     0  14963789     0  
CD009944     0  14765321     0  
CD009944     0  14765308     0  
CD009944     0  14752658     1  
CD009944     0  14752188     1  
CD009944     0  14749619     0  
CD009944     0  14745281     0  
CD009944     0  14695759     0  
CD009944     0  12942268     0  
CD009944     0  19764148     0  
CD009944     0  15146804     0  
CD009944     0  15146602     0  
CD009944     0  14653414     0  
CD009944     0  14648424     0  
CD009944     0  14630513     1  
CD009944     0  14627253     0  
CD009944     0  14619205     0  
CD009944     0  14585568     0  
CD009944     0  14571720     0  
CD009944     0  14551871     0  
CD009944     0  12960785     0  
CD009944     0  12921574     0  
CD009944     0  12914383     0  
CD009944     0  12884143     0  
CD009944     0  12865288     0  
CD009944     0  12843941     0  
CD009944     0  12822096     0  
CD009944     0  12809817     0  
CD009944     0  12785208     0  
CD009944     0  12783253     0  
CD009944     0  12772051     0  
CD009944     0  12768637     0  
CD009944     0  12737445     0  
CD009944     0  12734683     0  
CD009944     0  12701028     0  
CD009944     0  12695946     0  
CD009944     0  12667395     0  
CD009944     0  12647078     1  
CD009944     0  12584637     0  
CD009944     0  12582774     0  
CD009944     0  12552408     0  
CD009944     0  12544191     0  
CD009944     0  12542600     0  
CD009944     0  12532442     1  
CD009944     0  12517554     0  
CD009944     0  12510224     0  
CD009944     0  12690990     0  
CD009944     0  12622429     0  
CD009944     0  12607783     0  
CD009944     0  12592099     1  
CD009944     0  12546517     0  
CD009944     0  12510455     0  
CD009944     0  12499740     0  
CD009944     0  12488184     0  
CD009944     0  12481735     0  
CD009944     0  12471541     1  
CD009944     0  12460468     0  
CD009944     0  12441316     0  
CD009944     0  12425569     0  
CD009944     0  12377808     0  
CD009944     0  12375202     0  
CD009944     0  12360685     0  
CD009944     0  12352295     1  
CD009944     0  12269963     0  
CD009944     0  12239459     0  
CD009944     0  12075697     0  
CD009944     0  12070411     0  
CD009944     0  12063969     0  
CD009944     0  12063829     0  
CD009944     0  12044699     0  
CD009944     0  12044697     0  
CD009944     0  12040654     0  
CD009944     0  12016428     0  
CD009944     0  11992807     0  
CD009944     0  11989843     0  
CD009944     0  11972277     0  
CD009944     0  11950802     1  
CD009944     0  11911094     0  
CD009944     0  11866264     0  
CD009944     0  11859302     0  
CD009944     0  11858384     0  
CD009944     0  11831609     0  
CD009944     0  11809546     1  
CD009944     0  11778127     0  
CD009944     0  11869324     0  
CD009944     0  11817475     0  
CD009944     0  11816140     0  
CD009944     0  11805563     0  
CD009944     0  11797291     0  
CD009944     0  11797290     0  
CD009944     0  11760898     0  
CD009944     0  11753234     0  
CD009944     0  11750230     0  
CD009944     0  11747229     0  
CD009944     0  11709568     0  
CD009944     0  11677489     0  
CD009944     0  11641096     0  
CD009944     0  11595075     0  
CD009944     0  11559651     0  
CD009944     0  11554136     0  
CD009944     0  11515456     0  
CD009944     0  11512552     0  
CD009944     0  11507701     0  
CD009944     0  11506087     0  
CD009944     0  11464493     0  
CD009944     0  11459275     0  
CD009944     0  11451144     0  
CD009944     0  11437039     0  
CD009944     0  11432306     0  
CD009944     0  11427856     0  
CD009944     0  11424375     0  
CD009944     0  11418369     0  
CD009944     0  11398202     0  
CD009944     0  11398201     0  
CD009944     0  11398200     0  
CD009944     0  11398199     0  
CD009944     0  11355084     0  
CD009944     0  11335092     0  
CD009944     0  11335091     0  
CD009944     0  11306753     0  
CD009944     0  11274566     0  
CD009944     0  11272229     0  
CD009944     0  11268992     0  
CD009944     0  11247887     0  
CD009944     0  11244254     0  
CD009944     0  11216433     0  
CD009944     0  11216432     0  
CD009944     0  11213310     0  
CD009944     0  11204988     0  
CD009944     0  11204980     0  
CD009944     0  11176337     0  
CD009944     0  11171816     0  
CD009944     0  11692932     0  
CD009944     0  11525303     0  
CD009944     0  11326637     0  
CD009944     0  11324996     0  
CD009944     0  11110611     0  
CD009944     0  11088069     0  
CD009944     0  11088030     0  
CD009944     0  11085028     0  
CD009944     0  11084819     0  
CD009944     0  11080410     1  
CD009944     0  11077579     0  
CD009944     0  11041028     1  
CD009944     0  11030075     0  
CD009944     0  10986052     0  
CD009944     0  10981018     0  
CD009944     0  10968852     0  
CD009944     0  10967752     0  
CD009944     0  10936934     0  
CD009944     0  10919057     1  
CD009944     0  10896488     0  
CD009944     0  10891775     0  
CD009944     0  10867453     0  
CD009944     0  10863932     0  
CD009944     0  10861417     1  
CD009944     0  10855851     1  
CD009944     0  10832678     0  
CD009944     0  10832666     0  
CD009944     0  10802871     0  
CD009944     0  10802864     0  
CD009944     0  10777153     0  
CD009944     0  10776880     0  
CD009944     0  10751531     0  
CD009944     0  10725618     0  
CD009944     0  10721175     0  
CD009944     0  10717613     0  
CD009944     0  10717512     0  
CD009944     0  10696893     0  
CD009944     0  10696843     0  
CD009944     0  10690599     0  
CD009944     0  10679699     0  
CD009944     0  10618460     0  
CD009944     0  10770359     0  
CD009944     0  10745744     0  
CD009944     0  10636063     0  
CD009944     0  10604099     0  
CD009944     0  10592878     0  
CD009944     0  10586017     0  
CD009944     0  10561303     0  
CD009944     0  10556006     1  
CD009944     0  10555667     0  
CD009944     0  10549734     0  
CD009944     0  10549014     0  
CD009944     0  10505006     0  
CD009944     0  10486372     1  
CD009944     0  10475924     0  
CD009944     0  10472083     0  
CD009944     0  10462656     0  
CD009944     0  10449847     0  
CD009944     0  10449680     0  
CD009944     0  10445558     1  
CD009944     0  10433044     0  
CD009944     0  10433041     0  
CD009944     0  10430268     0  
CD009944     0  10413842     0  
CD009944     0  10408157     1  
CD009944     0  10376454     0  
CD009944     0  10370633     0  
CD009944     0  10363201     0  
CD009944     0  10231312     0  
CD009944     0  10206216     0  
CD009944     0  10197647     0  
CD009944     0  10193939     1  
CD009944     0  10026321     1  
CD009944     0  10326672     0  
CD009944     0  10096035     0  
CD009944     0  10077759     0  
CD009944     0  10068723     0  
CD009944     0  9932768      0  
CD009944     0  9932752      0  
CD009944     0  9931884      0  
CD009944     0  9931709      0  
CD009944     0  9931629      0  
CD009944     0  9891769      0  
CD009944     0  9856667      0  
CD009944     0  9853223      0  
CD009944     0  9842543      0  
CD009944     0  9842541      0  
CD009944     0  9841073      0  
CD009944     0  9840517      0  
CD009944     0  9840099      0  
CD009944     0  9779628      0  
CD009944     0  9779627      0  
CD009944     0  9772061      0  
CD009944     0  9765090      0  
CD009944     0  9765089      0  
CD009944     0  9765088      1  
CD009944     0  9765086      0  
CD009944     0  9755399      1  
CD009944     0  9716038      0  
CD009944     0  9715400      0  
CD009944     0  9692582      0  
CD009944     0  9681605      0  
CD009944     0  9652524      0  
CD009944     0  9625118      0  
CD009944     0  9612929      0  
CD009944     0  9612630      0  
CD009944     0  9607290      0  
CD009944     0  9592662      0  
CD009944     0  9584570      0  
CD009944     0  9584569      1  
CD009944     0  9581994      0  
CD009944     0  9569294      0  
CD009944     0  9563443      0  
CD009944     0  9544498      0  
CD009944     0  9509849      0  
CD009944     0  9449596      0  
CD009944     0  9574184      0  
CD009944     0  9574183      0  
CD009944     0  9451678      0  
CD009944     0  9383346      0  
CD009944     0  9381100      0  
CD009944     0  9378206      1  
CD009944     0  9361583      0  
CD009944     0  9360870      0  
CD009944     0  9358093      0  
CD009944     0  9322502      0  
CD009944     0  9316754      0  
CD009944     0  9260706      0  
CD009944     0  9247433      0  
CD009944     0  9245882      1  
CD009944     0  9245881      1  
CD009944     0  9206626      0  
CD009944     0  9173558      0  
CD009944     0  9173556      0  
CD009944     0  9164183      0  
CD009944     0  9112924      0  
CD009944     0  9106981      0  
CD009944     0  9087207      0  
CD009944     0  9085164      0  
CD009944     0  9074915      0  
CD009944     0  9064796      0  
CD009944     0  9045462      0  
CD009944     0  9013519      0  
CD009944     0  9001545      0  
CD009944     0  8995931      0  
CD009944     0  9264913      0  
CD009944     0  9101980      0  
CD009944     0  9101932      0  
CD009944     0  9064575      0  
CD009944     0  9007428      0  
CD009944     0  8992059      0  
CD009944     0  8952773      0  
CD009944     0  8939844      1  
CD009944     0  8934164      0  
CD009944     0  8898440      0  
CD009944     0  8893345      0  
CD009944     0  8885355      0  
CD009944     0  8875868      1  
CD009944     0  8865450      0  
CD009944     0  8836718      0  
CD009944     0  8836713      0  
CD009944     0  8826718      1  
CD009944     0  8803568      0  
CD009944     0  8799392      1  
CD009944     0  8797970      0  
CD009944     0  8759666      0  
CD009944     0  8696704      0  
CD009944     0  8688702      1  
CD009944     0  8679421      0  
CD009944     0  8675534      0  
CD009944     0  8661546      0  
CD009944     0  8658218      0  
CD009944     0  8658217      0  
CD009944     0  8631181      0  
CD009944     0  8731844      0  
CD009944     0  8565886      0  
CD009944     0  8554267      0  
CD009944     0  8535621      0  
CD009944     0  8528972      0  
CD009944     0  7895567      0  
CD009944     0  7789682      0  
CD009944     0  7789681      0  
CD009944     0  7773356      0  
CD009944     0  7754650      0  
CD009944     0  7754626      0  
CD009944     0  7754625      0  
CD009944     0  7728350      0  
CD009944     0  7709663      0  
CD009944     0  7667618      0  
CD009944     0  7625216      0  
CD009944     0  7601053      0  
CD009944     0  7582597      0  
CD009944     0  7582587      0  
CD009944     0  7582583      0  
CD009944     0  7582582      0  
CD009944     0  7582581      0  
CD009944     0  7582580      0  
CD009944     0  7569125      0  
CD009944     0  7560826      0  
CD009944     0  8539469      0  
CD009944     0  8284355      0  
CD009944     0  8174983      0  
CD009944     0  8055243      0  
CD009944     0  8052089      0  
CD009944     0  8001485      0  
CD009944     0  7975784      0  
CD009944     0  7975766      0  
CD009944     0  7973591      0  
CD009944     0  7973291      0  
CD009944     0  7969597      0  
CD009944     0  7958647      0  
CD009944     0  7940168      1  
CD009944     0  7774792      0  
CD009944     0  7713001      0  
CD009944     0  7712995      0  
CD009944     0  7712987      0  
CD009944     0  7712985      0  
CD009944     0  7712983      1  
CD009944     0  10148354     0  
CD009944     0  8519242      0  
CD009944     0  8519241      1  
CD009944     0  8508381      0  
CD009944     0  8507928      0  
CD009944     0  8497780      0  
CD009944     0  8491138      0  
CD009944     0  8491137      0  
CD009944     0  8491133      1  
CD009944     0  8491131      0  
CD009944     0  8491130      0  
CD009944     0  8482230      0  
CD009944     0  8479656      0  
CD009944     0  8470637      0  
CD009944     0  8467967      1  
CD009944     0  8465547      0  
CD009944     0  8435794      0  
CD009944     0  8420761      0  
CD009944     0  8417483      1  
CD009944     0  8310725      0  
CD009944     0  8287810      0  
CD009944     0  8287809      0  
CD009944     0  8283414      0  
CD009944     0  8261991      0  
CD009944     0  8251741      0  
CD009944     0  8246026      0  
CD009944     0  8243932      0  
CD009944     0  1732981      1  
CD009944     0  1641613      0  
CD009944     0  1633775      0  
CD009944     0  1633773      1  
CD009944     0  1633770      0  
CD009944     0  1633769      0  
CD009944     0  1574771      0  
CD009944     0  1559485      0  
CD009944     0  1559451      0  
CD009944     0  1544564      0  
CD009944     0  1509787      0  
CD009944     0  1500662      0  
CD009944     0  1479865      0  
CD009944     0  1467791      0  
CD009944     0  1463259      1  
CD009944     0  1461517      0  
CD009944     0  1386242      0  
CD009944     0  1308309      0  
CD009944     0  2060901      0  
CD009944     0  2040468      1  
CD009944     0  2038994      0  
CD009944     0  2028957      0  
CD009944     0  1991632      0  
CD009944     0  1991278      0  
CD009944     0  1932663      0  
CD009944     0  1924784      1  
CD009944     0  1920896      0  
CD009944     0  1871669      1  
CD009944     0  1860438      1  
CD009944     0  1854986      0  
CD009944     0  1843956      0  
CD009944     0  1797075      0  
CD009944     0  1795424      0  
CD009944     0  1793632      0  
CD009944     0  1775939      0  
CD009944     0  1757056      0  
CD009944     0  1747555      0  
CD009944     0  1743123      0  
CD009944     0  1681869      0  
CD009944     0  2407946      0  
CD009944     0  2267648      0  
CD009944     0  2200904      0  
CD009944     0  2191594      0  
CD009944     0  2179012      0  
CD009944     0  1983556      0  
CD009944     0  2702998      0  
CD009944     0  2697711      0  
CD009944     0  2697357      0  
CD009944     0  2696138      1  
CD009944     0  2688069      1  
CD009944     0  2687144      1  
CD009944     0  2685422      0  
CD009944     0  2684563      0  
CD009944     0  2664286      0  
CD009944     0  2664209      0  
CD009944     0  2659481      0  
CD009944     0  3291775      0  
CD009944     0  3289498      0  
CD009944     0  3278405      0  
CD009944     0  3070801      1  
CD009944     0  3044720      0  
CD009944     0  2838657      0  
CD009944     0  3428238      0  
CD009944     0  3330147      0  
