CD009647     0  19535188     0  
CD009647     0  22812095     0  
CD009647     0  2146289      0  
CD009647     0  2457189      0  
CD009647     0  9712558      0  
CD009647     0  10875734     0  
CD009647     0  18204249     0  
CD009647     0  2996099      0  
CD009647     0  8021727      0  
CD009647     0  1198637      0  
CD009647     0  15875128     0  
CD009647     0  14616365     0  
CD009647     0  13168861     0  
CD009647     0  2437838      0  
CD009647     0  3442956      0  
CD009647     0  8850214      0  
CD009647     0  8909935      0  
CD009647     0  1280013      0  
CD009647     0  6450733      0  
CD009647     0  3767535      0  
CD009647     0  2184655      0  
CD009647     0  5014008      0  
CD009647     0  22043574     0  
CD009647     0  21526873     0  
CD009647     0  6326629      0  
CD009647     0  3687569      1  
CD009647     0  11574736     0  
CD009647     0  22773526     0  
CD009647     0  1320823      0  
CD009647     0  2677101      0  
CD009647     0  15782993     0  
CD009647     0  9284731      0  
CD009647     0  1519324      0  
CD009647     0  3835223      0  
CD009647     0  17515276     0  
CD009647     0  9053970      0  
CD009647     0  17509326     0  
CD009647     0  11199506     0  
CD009647     0  21489315     0  
CD009647     0  1230401      0  
CD009647     0  2234267      0  
CD009647     0  22103432     0  
CD009647     0  7653796      0  
CD009647     0  10901525     0  
CD009647     0  22399563     0  
CD009647     0  1143086      0  
CD009647     0  17317942     0  
CD009647     0  19300145     0  
CD009647     0  10886589     0  
CD009647     0  15719851     0  
CD009647     0  10432415     0  
CD009647     0  16840888     0  
CD009647     0  9312410      0  
CD009647     0  8236343      0  
CD009647     0  2644753      0  
CD009647     0  21967892     0  
CD009647     0  11086151     0  
CD009647     0  12394709     0  
CD009647     0  2272189      0  
CD009647     0  16007563     0  
CD009647     0  21130956     0  
CD009647     0  16883123     0  
CD009647     0  533409       0  
CD009647     0  17171925     0  
CD009647     0  5796810      0  
CD009647     0  15555463     0  
CD009647     0  15116455     0  
CD009647     0  23362070     0  
CD009647     0  17592473     0  
CD009647     0  14600032     0  
CD009647     0  8809443      0  
CD009647     0  7796783      0  
CD009647     0  16505643     0  
CD009647     0  17415234     0  
CD009647     0  11348476     0  
CD009647     0  16189620     0  
CD009647     0  15492573     0  
CD009647     0  8776557      0  
CD009647     0  7758863      0  
CD009647     0  16723455     0  
CD009647     0  2803890      0  
CD009647     0  22099512     0  
CD009647     0  17515729     0  
CD009647     0  21329483     0  
CD009647     0  9856828      0  
CD009647     0  19937365     0  
CD009647     0  3476801      0  
CD009647     0  17515725     0  
CD009647     0  12907540     0  
CD009647     0  22684643     0  
CD009647     0  2937761      0  
CD009647     0  3246774      0  
CD009647     0  18655905     0  
CD009647     0  16823246     0  
CD009647     0  175464       0  
CD009647     0  7401268      0  
CD009647     0  22663954     0  
CD009647     0  7041763      0  
CD009647     0  8684520      0  
CD009647     0  2250126      0  
CD009647     0  1592619      0  
CD009647     0  11528214     0  
CD009647     0  9685820      0  
CD009647     0  6981919      0  
CD009647     0  3707774      0  
CD009647     0  17708161     0  
CD009647     0  195335       0  
CD009647     0  22586787     0  
CD009647     0  22952120     1  
CD009647     0  15920936     0  
CD009647     0  19054163     0  
CD009647     0  22649067     0  
CD009647     0  11694945     0  
CD009647     0  23183595     0  
CD009647     0  7423164      0  
CD009647     0  15309695     0  
CD009647     0  22939749     0  
CD009647     0  5312541      0  
CD009647     0  6485427      0  
CD009647     0  1559513      0  
CD009647     0  11086840     0  
CD009647     0  8990506      0  
CD009647     0  16611719     0  
CD009647     0  7537383      0  
CD009647     0  10919961     0  
CD009647     0  408512       0  
CD009647     0  10760294     0  
CD009647     0  19104092     0  
CD009647     0  10390382     0  
CD009647     0  17846670     0  
CD009647     0  9049613      0  
CD009647     0  19758262     0  
CD009647     0  7485279      0  
CD009647     0  1898799      0  
CD009647     0  3975749      0  
CD009647     0  18379549     0  
CD009647     0  19212905     0  
CD009647     0  12660669     0  
CD009647     0  4408859      0  
CD009647     0  20506545     0  
CD009647     0  21688008     0  
CD009647     0  20040347     0  
CD009647     0  122380       0  
CD009647     0  18558300     0  
CD009647     0  9675380      0  
CD009647     0  21946924     0  
CD009647     0  12173815     0  
CD009647     0  9096904      0  
CD009647     0  21602313     0  
CD009647     0  20464542     0  
CD009647     0  1486910      0  
CD009647     0  3104807      0  
CD009647     0  21955469     0  
CD009647     0  21542927     0  
CD009647     0  1711603      0  
CD009647     0  6794488      0  
CD009647     0  16627453     0  
CD009647     0  5908678      0  
CD009647     0  16155360     0  
CD009647     0  16361300     0  
CD009647     0  11161539     0  
CD009647     0  7058478      0  
CD009647     0  16431893     0  
CD009647     0  23001608     0  
CD009647     0  9095588      0  
CD009647     0  3039842      0  
CD009647     0  20885291     0  
CD009647     0  9383184      0  
CD009647     0  18172649     0  
CD009647     0  9310247      0  
CD009647     0  18702623     0  
CD009647     0  8861835      0  
CD009647     0  22123365     0  
CD009647     0  6786952      0  
CD009647     0  1831809      0  
CD009647     0  12640930     0  
CD009647     0  18441494     0  
CD009647     0  21520630     0  
CD009647     0  18939451     0  
CD009647     0  4305679      0  
CD009647     0  21979992     0  
CD009647     0  15103940     0  
CD009647     0  5765106      0  
CD009647     0  10392539     0  
CD009647     0  22819007     0  
CD009647     0  12643006     0  
CD009647     0  12570322     0  
CD009647     0  21959720     0  
CD009647     0  11902634     0  
CD009647     0  6712504      0  
CD009647     0  19465787     0  
CD009647     0  14733088     0  
CD009647     0  22903091     0  
CD009647     0  19551369     0  
CD009647     0  20445156     0  
CD009647     0  16182639     1  
CD009647     0  5766476      0  
CD009647     0  19608378     0  
CD009647     0  6206095      0  
CD009647     0  15778157     0  
CD009647     0  3525088      0  
CD009647     0  7572019      0  
CD009647     0  19002128     0  
CD009647     0  393503       0  
CD009647     0  6019496      0  
CD009647     0  9921182      0  
CD009647     0  979400       0  
CD009647     0  20029444     0  
CD009647     0  19153045     0  
CD009647     0  3582986      0  
CD009647     0  20817376     0  
CD009647     0  9804092      0  
CD009647     0  15521614     0  
CD009647     0  23288621     0  
CD009647     0  7609534      0  
CD009647     0  22624906     0  
CD009647     0  10215647     0  
CD009647     0  8042574      0  
CD009647     0  8213508      0  
CD009647     0  18508290     0  
CD009647     0  17030350     0  
CD009647     0  1550033      0  
CD009647     0  20884257     0  
CD009647     0  22576071     0  
CD009647     0  1858865      0  
CD009647     0  17585086     0  
CD009647     0  3120216      0  
CD009647     0  15621783     0  
CD009647     0  16998150     0  
CD009647     0  23160503     0  
CD009647     0  22640023     0  
CD009647     0  6845747      0  
CD009647     0  6372563      0  
CD009647     0  20166546     0  
CD009647     0  3932406      0  
CD009647     0  20617282     0  
CD009647     0  762714       0  
CD009647     0  21956268     0  
CD009647     0  9579259      0  
CD009647     0  10198529     0  
CD009647     0  3913513      0  
CD009647     0  15669603     0  
CD009647     0  2181783      0  
CD009647     0  2445368      0  
CD009647     0  594295       0  
CD009647     0  11953924     0  
CD009647     0  7427083      0  
CD009647     0  3922914      0  
CD009647     0  7988366      0  
CD009647     0  21118835     0  
CD009647     0  12093319     0  
CD009647     0  20456771     0  
CD009647     0  20945471     0  
CD009647     0  8469830      0  
CD009647     0  22834537     0  
CD009647     0  15256796     0  
CD009647     0  6159369      0  
CD009647     0  14717948     0  
CD009647     0  22518914     0  
CD009647     0  7470828      0  
CD009647     0  16007559     0  
CD009647     0  9177415      0  
CD009647     0  21232094     0  
CD009647     0  16174911     0  
CD009647     0  539466       0  
CD009647     0  11840379     0  
CD009647     0  10712317     0  
CD009647     0  9586413      0  
CD009647     0  3991084      0  
CD009647     0  19266119     0  
CD009647     0  7359682      0  
CD009647     0  617177       0  
CD009647     0  11962952     0  
CD009647     0  6778757      0  
CD009647     0  2770356      0  
CD009647     0  10559579     0  
CD009647     0  21842232     0  
CD009647     0  17329074     0  
CD009647     0  17033618     0  
CD009647     0  10731855     0  
CD009647     0  2763478      0  
CD009647     0  1786185      0  
CD009647     0  9393028      0  
CD009647     0  22992114     0  
CD009647     0  21518244     0  
CD009647     0  19953261     0  
CD009647     0  7248703      0  
CD009647     0  1624737      1  
CD009647     0  22283705     0  
CD009647     0  8417092      0  
CD009647     0  11158408     0  
CD009647     0  22408352     0  
CD009647     0  18286788     0  
CD009647     0  10865731     0  
CD009647     0  21035203     0  
CD009647     0  14587129     0  
CD009647     0  7752486      0  
CD009647     0  18640937     0  
CD009647     0  11932310     0  
CD009647     0  10803857     0  
CD009647     0  7393077      0  
CD009647     0  12879085     0  
CD009647     0  9292070      0  
CD009647     0  16351770     0  
CD009647     0  19758300     0  
CD009647     0  3955502      0  
CD009647     0  17366051     0  
CD009647     0  2621976      0  
CD009647     0  1669513      0  
CD009647     0  19884264     0  
CD009647     0  10945383     0  
CD009647     0  17114720     0  
CD009647     0  8528347      0  
CD009647     0  1766643      0  
CD009647     0  17255644     0  
CD009647     0  10086438     0  
CD009647     0  11426285     0  
CD009647     0  19672120     0  
CD009647     0  15652822     0  
CD009647     0  7611582      0  
CD009647     0  11209671     0  
CD009647     0  21094810     0  
CD009647     0  3925173      0  
CD009647     0  8573842      0  
CD009647     0  15816462     0  
CD009647     0  9433708      0  
CD009647     0  8244049      0  
CD009647     0  12106742     0  
CD009647     0  10782977     0  
CD009647     0  1559507      0  
CD009647     0  16048663     0  
CD009647     0  20167702     0  
CD009647     0  10646683     0  
CD009647     0  15178912     0  
CD009647     0  8282133      0  
CD009647     0  3179891      0  
CD009647     0  12878366     0  
CD009647     0  22431578     0  
CD009647     0  8604674      0  
CD009647     0  6799401      0  
CD009647     0  1595029      0  
CD009647     0  11237794     0  
CD009647     0  1739368      0  
CD009647     0  23062091     0  
CD009647     0  15909390     0  
CD009647     0  12447551     0  
CD009647     0  7564670      0  
CD009647     0  1311533      0  
CD009647     0  9061116      0  
CD009647     0  21933630     0  
CD009647     0  466057       0  
CD009647     0  10617305     0  
CD009647     0  1488697      0  
CD009647     0  22270036     0  
CD009647     0  12028465     0  
CD009647     0  9795784      0  
CD009647     0  1346511      0  
CD009647     0  11011960     0  
CD009647     0  9750752      0  
CD009647     0  8144825      1  
CD009647     0  22323529     0  
CD009647     0  9451312      0  
CD009647     0  7844768      0  
CD009647     0  21986452     0  
CD009647     0  12845255     0  
CD009647     0  16937472     0  
CD009647     0  11114572     0  
CD009647     0  15327426     0  
CD009647     0  1875889      0  
CD009647     0  23328026     0  
CD009647     0  9213088      0  
CD009647     0  8721072      0  
CD009647     0  15861355     0  
CD009647     0  11142772     0  
CD009647     0  1722375      0  
CD009647     0  6346846      0  
CD009647     0  21444157     0  
CD009647     0  1389281      0  
CD009647     0  15648026     0  
CD009647     0  6346848      0  
CD009647     0  15648025     0  
CD009647     0  5999740      0  
CD009647     0  22989833     0  
CD009647     0  20393114     0  
CD009647     0  8667198      0  
CD009647     0  17285441     0  
CD009647     0  17986732     0  
CD009647     0  1065287      0  
CD009647     0  2789301      0  
CD009647     0  21400670     0  
CD009647     0  22922709     0  
CD009647     0  11033692     0  
CD009647     0  17401728     0  
CD009647     0  3966167      0  
CD009647     0  8429402      0  
CD009647     0  6355240      0  
CD009647     0  2504940      0  
CD009647     0  1736693      0  
CD009647     0  7674884      0  
CD009647     0  6824005      0  
CD009647     0  22427342     0  
CD009647     0  19145002     0  
CD009647     0  12670061     0  
CD009647     0  2176591      1  
CD009647     0  2314616      0  
CD009647     0  8990413      0  
CD009647     0  10916069     0  
CD009647     0  9754456      0  
CD009647     0  3896366      0  
CD009647     0  22576260     0  
CD009647     0  7922049      0  
CD009647     0  16236396     0  
CD009647     0  2488502      0  
CD009647     0  12742979     0  
CD009647     0  21231820     0  
CD009647     0  666184       0  
CD009647     0  3713747      0  
CD009647     0  1320949      0  
CD009647     0  17498601     0  
CD009647     0  20467755     0  
CD009647     0  6756961      0  
CD009647     0  17296872     0  
CD009647     0  10835833     0  
CD009647     0  15610256     0  
CD009647     0  10386423     0  
CD009647     0  17264513     1  
CD009647     0  12790384     0  
CD009647     0  7656890      0  
CD009647     0  15751668     0  
CD009647     0  23052000     0  
CD009647     0  23052001     0  
CD009647     0  18637983     0  
CD009647     0  16440923     0  
CD009647     0  12430728     0  
CD009647     0  10397280     0  
CD009647     0  22806281     0  
CD009647     0  20228401     0  
CD009647     0  21604179     0  
CD009647     0  990701       0  
CD009647     0  300472       0  
CD009647     0  7702014      0  
CD009647     0  20823196     1  
CD009647     0  17622512     0  
CD009647     0  2922983      0  
CD009647     0  1794018      0  
CD009647     0  2682381      0  
CD009647     0  17083478     0  
CD009647     0  3976925      0  
CD009647     0  5136060      0  
CD009647     0  6805122      0  
CD009647     0  15813652     0  
CD009647     0  1519165      0  
CD009647     0  18065827     0  
CD009647     0  10670763     0  
CD009647     0  20580258     0  
CD009647     0  22202713     0  
CD009647     0  19255869     0  
CD009647     0  23478373     0  
CD009647     0  1113413      0  
CD009647     0  15084390     0  
CD009647     0  10668951     0  
CD009647     0  9710345      0  
CD009647     0  16479069     0  
CD009647     0  16951456     0  
CD009647     0  10393382     0  
CD009647     0  10361869     0  
CD009647     0  23311792     0  
CD009647     0  14319350     0  
CD009647     0  16797424     0  
CD009647     0  10205241     0  
CD009647     0  8201141      0  
CD009647     0  12174627     0  
CD009647     0  19588696     0  
CD009647     0  18258622     0  
CD009647     0  20509595     0  
CD009647     0  18826862     0  
CD009647     0  17661379     1  
CD009647     0  22791760     0  
CD009647     0  10875714     0  
CD009647     0  18326883     0  
CD009647     0  21097551     0  
CD009647     0  1536534      0  
CD009647     0  15252373     0  
CD009647     0  3517066      0  
CD009647     0  16904442     0  
CD009647     0  684863       0  
CD009647     0  5939815      0  
CD009647     0  9288866      0  
CD009647     0  10632102     0  
CD009647     0  19121993     0  
CD009647     0  12369019     0  
CD009647     0  12169846     0  
CD009647     0  18431320     0  
CD009647     0  12169843     0  
CD009647     0  14587130     0  
CD009647     0  10750642     0  
CD009647     0  10475285     0  
CD009647     0  17076765     0  
CD009647     0  12140209     0  
CD009647     0  22890206     0  
CD009647     0  17618418     0  
CD009647     0  2199019      0  
CD009647     0  15477697     0  
CD009647     0  16217942     0  
CD009647     0  1363883      0  
CD009647     0  506939       0  
CD009647     0  8964631      0  
CD009647     0  8808224      0  
CD009647     0  12558710     0  
CD009647     0  2227272      0  
CD009647     0  11842037     0  
CD009647     0  10921569     0  
CD009647     0  16035486     0  
CD009647     0  12391797     0  
CD009647     0  21330961     0  
CD009647     0  6742868      0  
CD009647     0  12918647     1  
CD009647     0  1285991      0  
CD009647     0  15322653     0  
CD009647     0  17987382     0  
CD009647     0  17515726     0  
CD009647     0  11839344     0  
CD009647     0  11795252     0  
CD009647     0  7329581      0  
CD009647     0  19716641     0  
CD009647     0  1835074      0  
CD009647     0  1392326      0  
CD009647     0  5461392      0  
CD009647     0  8551708      0  
CD009647     0  7585758      0  
CD009647     0  12411756     0  
CD009647     0  11762791     0  
CD009647     0  11762790     0  
CD009647     0  10447547     0  
CD009647     0  11867887     0  
CD009647     0  7874596      0  
CD009647     0  15963399     0  
CD009647     0  1832071      0  
CD009647     0  12853804     1  
CD009647     0  7390091      0  
CD009647     0  7930331      1  
CD009647     0  4726136      0  
CD009647     0  17996966     0  
CD009647     0  9572833      0  
CD009647     0  7056850      0  
CD009647     0  22927754     1  
CD009647     0  9512946      0  
CD009647     0  11095656     0  
CD009647     0  22265393     0  
CD009647     0  14515980     0  
CD009647     0  6531933      0  
CD009647     0  8991388      0  
CD009647     0  5082308      0  
CD009647     0  254670       0  
CD009647     0  7671647      0  
CD009647     0  8453184      0  
CD009647     0  21519727     0  
CD009647     0  21184544     0  
CD009647     0  7951554      0  
CD009647     0  20567873     0  
CD009647     0  1011507      0  
CD009647     0  18360326     0  
CD009647     0  19822077     0  
CD009647     0  11724647     0  
CD009647     0  18412566     0  
CD009647     0  1571378      0  
CD009647     0  20181257     0  
CD009647     0  2312932      0  
CD009647     0  12028254     0  
CD009647     0  23503878     0  
CD009647     0  18540689     0  
CD009647     0  17309574     0  
CD009647     0  4750331      0  
CD009647     0  20660916     0  
CD009647     0  12131038     0  
CD009647     0  6190616      0  
CD009647     0  14635559     0  
CD009647     0  13960257     0  
CD009647     0  20979951     0  
CD009647     0  538          0  
CD009647     0  7592179      0  
CD009647     0  1355114      0  
CD009647     0  19885790     0  
CD009647     0  21550084     0  
CD009647     0  21159104     0  
CD009647     0  23280078     0  
CD009647     0  7463593      0  
CD009647     0  22092671     0  
CD009647     0  3084274      0  
CD009647     0  10512155     0  
CD009647     0  1981098      0  
CD009647     0  9569553      0  
CD009647     0  8264148      0  
CD009647     0  12773976     0  
CD009647     0  9269691      0  
CD009647     0  1612504      0  
CD009647     0  7352039      0  
CD009647     0  1486882      0  
CD009647     0  18573435     0  
CD009647     0  17139196     0  
CD009647     0  7579045      0  
CD009647     0  2529385      0  
CD009647     0  22456769     0  
CD009647     0  16464784     0  
CD009647     0  15489938     0  
CD009647     0  7677478      0  
CD009647     0  23297834     0  
CD009647     0  2358648      0  
CD009647     0  234472       0  
CD009647     0  17577354     0  
CD009647     0  9122792      0  
CD009647     0  16813917     0  
CD009647     0  1836167      0  
CD009647     0  11191264     0  
CD009647     0  7918327      0  
CD009647     0  18204323     0  
CD009647     0  4036980      0  
CD009647     0  9215335      0  
CD009647     0  21264545     0  
CD009647     0  5778118      0  
CD009647     0  17211857     0  
CD009647     0  1744326      0  
CD009647     0  17466972     0  
CD009647     0  8969388      0  
CD009647     0  17596722     0  
CD009647     0  5849954      0  
CD009647     0  16921688     0  
CD009647     0  8980158      0  
CD009647     0  14689078     0  
CD009647     0  2742425      0  
CD009647     0  1741806      0  
CD009647     0  2038133      0  
CD009647     0  856766       0  
CD009647     0  14671055     0  
CD009647     0  20516472     0  
CD009647     0  16874705     0  
CD009647     0  22799614     0  
CD009647     0  10215207     0  
CD009647     0  2912211      0  
CD009647     0  19169021     0  
CD009647     0  6697072      0  
CD009647     0  19430836     0  
CD009647     0  21132638     0  
CD009647     0  18308632     0  
CD009647     0  7981777      0  
CD009647     0  23197892     0  
CD009647     0  3974629      0  
CD009647     0  20602169     0  
CD009647     0  18617298     0  
CD009647     0  20979774     0  
CD009647     0  21620725     0  
CD009647     0  7015954      0  
CD009647     0  18307835     0  
CD009647     0  21166367     0  
CD009647     0  635411       0  
CD009647     0  1783355      0  
CD009647     0  16790652     0  
CD009647     0  22652744     0  
CD009647     0  2633107      0  
CD009647     0  2245593      0  
CD009647     0  10897583     0  
CD009647     0  10736333     0  
CD009647     0  21242684     0  
CD009647     0  1457845      0  
CD009647     0  6076483      0  
CD009647     0  11515864     0  
CD009647     0  18795684     0  
CD009647     0  8555551      0  
CD009647     0  19808949     0  
CD009647     0  14692169     0  
CD009647     0  16046074     0  
CD009647     0  8776121      0  
CD009647     0  449660       0  
CD009647     0  21063416     0  
CD009647     0  11241092     0  
CD009647     0  20030523     0  
CD009647     0  1563455      0  
CD009647     0  8416658      0  
CD009647     0  11766083     0  
CD009647     0  20980448     0  
CD009647     0  21316091     0  
CD009647     0  8223524      0  
CD009647     0  7056467      0  
CD009647     0  12045547     0  
CD009647     0  22487874     0  
CD009647     0  1898434      0  
CD009647     0  3282466      0  
CD009647     0  2406645      0  
CD009647     0  4857547      0  
CD009647     0  10865710     0  
CD009647     0  7737531      0  
CD009647     0  10967956     0  
CD009647     0  6417957      0  
CD009647     0  8252487      0  
CD009647     0  5658724      0  
CD009647     0  17160631     0  
CD009647     0  3177084      0  
CD009647     0  1114974      0  
CD009647     0  12230298     0  
CD009647     0  6819545      0  
CD009647     0  831006       0  
CD009647     0  11210488     0  
CD009647     0  17243955     0  
CD009647     0  9483261      0  
CD009647     0  8917032      0  
CD009647     0  14502298     0  
CD009647     0  6453004      0  
CD009647     0  1467074      0  
CD009647     0  14571940     0  
CD009647     0  8297564      0  
CD009647     0  17019079     0  
CD009647     0  17616536     0  
CD009647     0  9707968      0  
CD009647     0  9719243      0  
CD009647     0  1987247      0  
CD009647     0  19533166     0  
CD009647     0  3757023      0  
CD009647     0  474187       0  
CD009647     0  7894520      0  
CD009647     0  21817820     0  
CD009647     0  21105481     0  
CD009647     0  12395330     0  
CD009647     0  450295       0  
CD009647     0  1822757      0  
CD009647     0  9626140      0  
CD009647     0  12474910     0  
CD009647     0  14556732     0  
CD009647     0  18227803     0  
CD009647     0  15864399     1  
CD009647     0  8613852      0  
CD009647     0  11115465     0  
CD009647     0  8134986      0  
CD009647     0  3155480      0  
CD009647     0  2677451      0  
CD009647     0  15162922     0  
CD009647     0  6687972      0  
CD009647     0  21111980     0  
CD009647     0  3538156      0  
CD009647     0  9328373      0  
CD009647     0  2530903      0  
CD009647     0  15050756     0  
CD009647     0  1949271      0  
CD009647     0  8814322      0  
CD009647     0  8573950      0  
CD009647     0  19199508     0  
CD009647     0  8976813      0  
CD009647     0  5160382      0  
CD009647     0  10956241     0  
CD009647     0  15681114     0  
CD009647     0  21225448     0  
CD009647     0  20016380     0  
CD009647     0  359599       0  
CD009647     0  9934822      0  
CD009647     0  21316715     0  
CD009647     0  10097429     0  
CD009647     0  1877782      0  
CD009647     0  22610985     0  
CD009647     0  2510458      0  
CD009647     0  10171156     0  
CD009647     0  18639299     0  
CD009647     0  11186215     0  
CD009647     0  1905438      0  
CD009647     0  9171309      0  
CD009647     0  15870497     0  
CD009647     0  9585679      0  
CD009647     0  14153003     0  
CD009647     0  23307545     0  
CD009647     0  3702350      0  
CD009647     0  19477401     0  
CD009647     0  20197284     0  
CD009647     0  3666462      0  
CD009647     0  4669239      0  
CD009647     0  7360296      0  
CD009647     0  8960430      0  
CD009647     0  2086212      0  
CD009647     0  8216422      0  
CD009647     0  22331648     0  
CD009647     0  3994411      0  
CD009647     0  22092669     0  
CD009647     0  22610181     0  
CD009647     0  8169071      0  
CD009647     0  22092664     0  
CD009647     0  8601041      0  
CD009647     0  9261522      0  
CD009647     0  23203952     0  
CD009647     0  22460467     0  
CD009647     0  17323538     0  
CD009647     0  12713087     0  
CD009647     0  10435222     0  
CD009647     0  1915206      0  
CD009647     0  2111870      0  
CD009647     0  16115595     1  
CD009647     0  16861432     0  
CD009647     0  8780363      0  
CD009647     0  14971708     0  
CD009647     0  5518635      0  
CD009647     0  2877560      0  
CD009647     0  22480800     0  
CD009647     0  20499131     0  
CD009647     0  3818143      0  
CD009647     0  1929192      0  
CD009647     0  9361660      1  
CD009647     0  18989243     0  
CD009647     0  11058859     0  
CD009647     0  22044978     0  
CD009647     0  16706247     0  
CD009647     0  22993745     0  
CD009647     0  22673384     0  
CD009647     0  23420154     0  
CD009647     0  19817913     0  
CD009647     0  2469901      0  
CD009647     0  22456602     0  
CD009647     0  22404059     0  
CD009647     0  3134130      0  
CD009647     0  2576110      0  
CD009647     0  12360725     0  
CD009647     0  15158299     0  
CD009647     0  15644650     0  
CD009647     0  1514457      1  
CD009647     0  10875060     0  
CD009647     0  7919137      0  
CD009647     0  14752239     0  
CD009647     0  2791582      0  
CD009647     0  19139433     0  
CD009647     0  2257702      0  
CD009647     0  11347985     0  
CD009647     0  19368300     0  
CD009647     0  3324259      0  
CD009647     0  15983966     0  
CD009647     0  17688720     0  
CD009647     0  9635657      0  
CD009647     0  20398123     0  
CD009647     0  1352827      0  
CD009647     0  15149357     0  
CD009647     0  1982845      0  
CD009647     0  19103612     0  
CD009647     0  8865786      0  
CD009647     0  14658927     0  
CD009647     0  21456480     0  
CD009647     0  9892095      0  
CD009647     0  22563181     0  
CD009647     0  12613932     0  
CD009647     0  3913501      0  
CD009647     0  1875533      0  
CD009647     0  2123281      0  
CD009647     0  7002276      0  
CD009647     0  1810744      0  
CD009647     0  1636025      0  
CD009647     0  20113261     0  
CD009647     0  19362895     0  
CD009647     0  23190178     0  
CD009647     0  3973643      0  
CD009647     0  13440979     0  
CD009647     0  15384705     0  
CD009647     0  2187664      0  
CD009647     0  21663576     0  
CD009647     0  21557796     0  
CD009647     0  2321385      0  
CD009647     0  7573088      0  
CD009647     0  11211764     0  
CD009647     0  15942094     0  
CD009647     0  22250455     0  
CD009647     0  20568023     0  
CD009647     0  12544374     0  
CD009647     0  15318850     0  
CD009647     0  8702212      1  
CD009647     0  2039096      0  
CD009647     0  6338324      0  
CD009647     0  8466703      0  
CD009647     0  9833719      0  
CD009647     0  717730       0  
CD009647     0  10719612     0  
CD009647     0  3146715      0  
CD009647     0  16421165     0  
CD009647     0  11973168     0  
CD009647     0  6749348      0  
CD009647     0  1324274      0  
CD009647     0  7040497      0  
CD009647     0  20802909     0  
CD009647     0  3596973      0  
CD009647     0  12942607     0  
CD009647     0  19078903     0  
CD009647     0  17381532     0  
CD009647     0  3563882      0  
CD009647     0  9825393      0  
CD009647     0  23276277     0  
CD009647     0  9329367      0  
CD009647     0  8225698      0  
CD009647     0  21165296     0  
CD009647     0  705168       0  
CD009647     0  23189539     0  
CD009647     0  18471092     0  
CD009647     0  16729882     0  
CD009647     0  8205020      1  
CD009647     0  4076991      0  
CD009647     0  22088546     0  
CD009647     0  4817188      0  
CD009647     0  3322820      0  
CD009647     0  20591542     0  
CD009647     0  10708159     0  
CD009647     0  6692548      0  
CD009647     0  3046266      0  
CD009647     0  14608923     0  
CD009647     0  9630200      0  
CD009647     0  4095046      0  
CD009647     0  20658724     0  
CD009647     0  6754156      0  
CD009647     0  23013432     0  
CD009647     0  804397       0  
CD009647     0  20924436     0  
CD009647     0  2946555      0  
CD009647     0  15119638     0  
CD009647     0  16424713     0  
CD009647     0  10390586     0  
CD009647     0  17681081     0  
CD009647     0  8857118      0  
CD009647     0  15378137     0  
CD009647     0  18557242     0  
CD009647     0  8618768      0  
CD009647     0  8949564      0  
CD009647     0  6191385      0  
CD009647     0  21406321     0  
CD009647     0  18075247     0  
CD009647     0  12874482     0  
CD009647     0  12604503     0  
CD009647     0  19218793     0  
CD009647     0  21624108     0  
CD009647     0  11961340     0  
CD009647     0  8502336      0  
CD009647     0  3942418      0  
CD009647     0  21125199     0  
CD009647     0  7921210      0  
CD009647     0  4090617      0  
CD009647     0  5428781      0  
CD009647     0  11029123     0  
CD009647     0  21507048     1  
CD009647     0  16499109     0  
CD009647     0  19180442     0  
CD009647     0  17250737     0  
CD009647     0  7276369      0  
CD009647     0  8954387      0  
CD009647     0  12494109     0  
CD009647     0  14742828     0  
CD009647     0  17061696     0  
CD009647     0  18350447     0  
CD009647     0  15566917     0  
CD009647     0  9158554      0  
CD009647     0  665309       0  
CD009647     0  10571796     0  
CD009647     0  16728843     0  
CD009647     0  22480038     0  
CD009647     0  16860264     0  
CD009647     0  17690630     0  
CD009647     0  1546024      0  
CD009647     0  22392781     0  
CD009647     0  5973028      0  
CD009647     0  18524974     0  
CD009647     0  8721332      0  
CD009647     0  17073952     0  
CD009647     0  22786530     0  
CD009647     0  2112063      0  
CD009647     0  10960369     0  
CD009647     0  8105899      0  
CD009647     0  19616321     0  
CD009647     0  10771700     0  
CD009647     0  21951636     0  
CD009647     0  12838217     0  
CD009647     0  1763964      0  
CD009647     0  1985882      0  
CD009647     0  9894640      0  
CD009647     0  9321788      0  
CD009647     0  20538836     0  
CD009647     0  9735641      0  
CD009647     0  22101724     0  
CD009647     0  17060926     0  
CD009647     0  11536254     0  
CD009647     0  17122578     0  
CD009647     0  716077       0  
CD009647     0  12596759     0  
CD009647     0  2532777      0  
CD009647     0  8216418      0  
CD009647     0  7681891      0  
CD009647     0  17895487     0  
CD009647     0  10540019     0  
CD009647     0  16878434     0  
CD009647     0  9402093      0  
CD009647     0  21549871     0  
CD009647     0  9578671      0  
CD009647     0  15933390     0  
CD009647     0  9707191      0  
CD009647     0  12808173     0  
CD009647     0  16280429     0  
CD009647     0  22405607     0  
CD009647     0  12776279     0  
CD009647     0  12520974     0  
CD009647     0  8626133      0  
CD009647     0  17006123     0  
CD009647     0  1637210      0  
CD009647     0  3063555      0  
CD009647     0  14657911     0  
CD009647     0  1093756      0  
CD009647     0  16094157     0  
CD009647     0  3885704      0  
CD009647     0  8126041      0  
CD009647     0  19858078     0  
CD009647     0  12809171     0  
CD009647     0  2671477      0  
CD009647     0  451887       0  
CD009647     0  10543502     0  
CD009647     0  2279255      0  
CD009647     0  18841005     0  
CD009647     0  10927682     0  
CD009647     0  18712159     0  
CD009647     0  20133393     0  
CD009647     0  7374199      0  
CD009647     0  11641333     0  
CD009647     0  12773132     0  
CD009647     0  20512356     0  
CD009647     0  3304301      0  
CD009647     0  11212877     0  
CD009647     0  19180830     0  
CD009647     0  22169586     0  
CD009647     0  22090277     0  
CD009647     0  15746854     0  
CD009647     0  16493985     0  
CD009647     0  22710266     0  
CD009647     0  9403127      0  
CD009647     0  2640510      0  
CD009647     0  23322426     0  
CD009647     0  6699861      0  
CD009647     0  17867609     0  
CD009647     0  16391315     0  
CD009647     0  9341703      0  
CD009647     0  19220613     0  
CD009647     0  18985840     0  
CD009647     0  8533994      1  
CD009647     0  2974116      0  
CD009647     0  14678708     1  
CD009647     0  817175       0  
CD009647     0  15159230     0  
CD009647     0  6412595      0  
CD009647     0  22722264     0  
CD009647     0  1633517      0  
CD009647     0  21514897     0  
CD009647     0  16599016     1  
CD009647     0  14559321     0  
CD009647     0  23117271     0  
CD009647     0  7792035      0  
CD009647     0  1989407      1  
CD009647     0  17632306     0  
CD009647     0  20180497     0  
CD009647     0  23157104     0  
CD009647     0  19114909     0  
CD009647     0  3721395      0  
CD009647     0  8919893      0  
CD009647     0  20558894     0  
CD009647     0  11808058     0  
CD009647     0  870267       0  
CD009647     0  2277366      0  
CD009647     0  9247775      0  
CD009647     0  21878168     0  
CD009647     0  2632171      0  
CD009647     0  21514094     0  
CD009647     0  10968694     0  
CD009647     0  518277       0  
CD009647     0  13815779     0  
CD009647     0  11578293     0  
CD009647     0  12812423     0  
CD009647     0  15070970     0  
CD009647     0  98142        0  
CD009647     0  19049481     0  
CD009647     0  3793436      0  
CD009647     0  15388818     0  
CD009647     0  3992157      0  
CD009647     0  10483673     0  
CD009647     0  3666993      0  
CD009647     0  1972002      0  
CD009647     0  8039731      0  
CD009647     0  15337866     0  
CD009647     0  1457952      0  
CD009647     0  14964458     0  
CD009647     0  5909595      0  
CD009647     0  18208903     0  
CD009647     0  22747849     0  
CD009647     0  12230479     0  
CD009647     0  10201625     0  
CD009647     0  8253360      0  
CD009647     0  10822296     0  
CD009647     0  18563555     0  
CD009647     0  7481965      0  
CD009647     0  14681719     0  
CD009647     0  23414239     0  
CD009647     0  9670876      0  
CD009647     0  12061197     0  
CD009647     0  16750454     0  
CD009647     0  19655609     0  
CD009647     0  3686436      0  
CD009647     0  10535661     0  
CD009647     0  8258960      0  
CD009647     0  6775430      0  
CD009647     0  16734069     0  
CD009647     0  22332693     1  
CD009647     0  1079448      0  
CD009647     0  12819460     0  
CD009647     0  21741331     0  
CD009647     0  1079110      0  
CD009647     0  422344       0  
CD009647     0  3218897      0  
CD009647     0  1668378      0  
CD009647     0  8019707      0  
CD009647     0  21054772     0  
CD009647     0  10961485     0  
CD009647     0  21218377     0  
CD009647     0  549013       0  
CD009647     0  21730928     1  
CD009647     0  542732       0  
CD009647     0  12968841     0  
CD009647     0  19601557     0  
CD009647     0  9740545      0  
CD009647     0  16901913     0  
CD009647     0  9656680      0  
CD009647     0  9407508      0  
CD009647     0  9852379      0  
CD009647     0  22980301     0  
CD009647     0  1764495      0  
CD009647     0  12036195     0  
CD009647     0  22253637     0  
CD009647     0  8208450      0  
CD009647     0  5910387      0  
CD009647     0  16806426     0  
CD009647     0  29737        0  
CD009647     0  4413734      0  
CD009647     0  8966807      0  
CD009647     0  21288314     0  
CD009647     0  2594686      0  
CD009647     0  22684924     0  
CD009647     0  12452249     0  
CD009647     0  11927295     1  
CD009647     0  11822945     0  
CD009647     0  636701       0  
CD009647     0  8927322      0  
CD009647     0  20353738     0  
CD009647     0  11523669     0  
CD009647     0  9730110      0  
CD009647     0  12028513     0  
CD009647     0  12080410     0  
CD009647     0  9761508      0  
CD009647     0  23259507     0  
CD009647     0  4953659      1  
CD009647     0  2800897      0  
CD009647     0  9463788      0  
CD009647     0  21266953     0  
CD009647     0  21918165     0  
CD009647     0  21185739     0  
CD009647     0  19621199     0  
CD009647     0  6664451      0  
CD009647     0  1601352      0  
CD009647     0  8261188      0  
CD009647     0  17620018     0  
CD009647     0  9678557      0  
CD009647     0  18693171     0  
CD009647     0  2485485      0  
CD009647     0  7042360      0  
CD009647     0  7300744      0  
CD009647     0  16732715     0  
CD009647     0  2617379      0  
CD009647     0  16914932     0  
CD009647     0  11473662     0  
CD009647     0  5581940      0  
CD009647     0  17588760     0  
CD009647     0  19729213     0  
CD009647     0  22608838     0  
CD009647     0  23595135     0  
CD009647     0  16868354     0  
CD009647     0  20881503     0  
CD009647     0  17074665     0  
CD009647     0  17153444     0  
CD009647     0  18089624     0  
CD009647     0  10459080     0  
CD009647     0  6616994      0  
CD009647     0  17278780     0  
CD009647     0  11980089     0  
CD009647     0  11052570     0  
CD009647     0  11079488     0  
CD009647     0  17763612     0  
CD009647     0  17551900     0  
CD009647     0  16441622     0  
CD009647     0  20353442     0  
CD009647     0  16129214     0  
CD009647     0  1027665      0  
CD009647     0  23598580     0  
CD009647     0  19843916     0  
CD009647     0  16426933     0  
CD009647     0  14642204     0  
CD009647     0  2104581      0  
CD009647     0  22341728     0  
CD009647     0  2546414      0  
CD009647     0  22307440     0  
CD009647     0  6931873      0  
CD009647     0  21242683     0  
CD009647     0  5443858      0  
CD009647     0  7753575      0  
CD009647     0  17239065     0  
CD009647     0  17306146     0  
CD009647     0  2305407      0  
CD009647     0  3529350      0  
CD009647     0  12630992     0  
CD009647     0  2357496      0  
CD009647     0  19454560     0  
CD009647     0  9298408      0  
CD009647     0  20038754     0  
CD009647     0  10898308     0  
CD009647     0  7606877      0  
CD009647     0  9062494      0  
CD009647     0  21355824     0  
CD009647     0  16537817     0  
CD009647     0  22800378     0  
CD009647     0  11190297     0  
CD009647     0  5914834      0  
CD009647     0  4715179      0  
CD009647     0  9372342      0  
CD009647     0  3014081      0  
CD009647     0  9933726      0  
CD009647     0  11233879     0  
CD009647     0  7780947      0  
CD009647     0  448891       0  
CD009647     0  12044376     0  
CD009647     0  19996626     0  
CD009647     0  11155455     0  
CD009647     0  7470183      0  
CD009647     0  7568795      0  
CD009647     0  17169160     0  
CD009647     0  1156286      0  
CD009647     0  3568579      0  
CD009647     0  2588995      0  
CD009647     0  5258033      0  
CD009647     0  22130282     0  
CD009647     0  14668891     0  
CD009647     0  19602907     0  
CD009647     0  7930879      0  
CD009647     0  23345468     0  
CD009647     0  17293202     0  
CD009647     0  16253732     0  
CD009647     0  3655176      0  
CD009647     0  21534246     0  
CD009647     0  3712972      0  
CD009647     0  18519109     0  
CD009647     0  14498755     0  
CD009647     0  15949241     0  
CD009647     0  10718827     0  
CD009647     0  3087320      0  
CD009647     0  17063950     0  
CD009647     0  19193654     0  
CD009647     0  22592424     0  
CD009647     0  11730240     0  
CD009647     0  12735913     0  
CD009647     0  12735911     0  
CD009647     0  4669453      0  
CD009647     0  17003814     0  
CD009647     0  7065350      0  
CD009647     0  2548784      0  
CD009647     0  14384840     0  
CD009647     0  19808228     0  
CD009647     0  22079871     0  
CD009647     0  19781265     0  
CD009647     0  17656064     0  
CD009647     0  3780838      0  
CD009647     0  19952948     0  
CD009647     0  8998124      0  
CD009647     0  22398670     0  
CD009647     0  14707441     0  
CD009647     0  10460448     0  
CD009647     0  8964417      0  
CD009647     0  1512386      0  
CD009647     0  2129452      0  
CD009647     0  23505804     0  
CD009647     0  2866476      0  
CD009647     0  7506495      0  
CD009647     0  17727573     0  
CD009647     0  7884183      0  
CD009647     0  16763365     0  
CD009647     0  19462425     0  
CD009647     0  18455657     0  
CD009647     0  19816044     0  
CD009647     0  3622592      0  
CD009647     0  9036040      0  
CD009647     0  16965572     0  
CD009647     0  2605999      0  
CD009647     0  14681709     0  
CD009647     0  16902265     0  
CD009647     0  8911541      0  
CD009647     0  21125202     0  
CD009647     0  11814140     0  
CD009647     0  20331893     0  
CD009647     0  12523042     0  
CD009647     0  16001822     0  
CD009647     0  2698142      0  
CD009647     0  11201974     0  
CD009647     0  10923724     0  
CD009647     0  11925887     0  
CD009647     0  15614172     0  
CD009647     0  22109355     0  
CD009647     0  7382149      0  
CD009647     0  3790379      0  
CD009647     0  8375450      0  
CD009647     0  12207632     0  
CD009647     0  4073676      0  
CD009647     0  9842104      0  
CD009647     0  18478352     0  
CD009647     0  18563637     0  
CD009647     0  22073832     0  
CD009647     0  8468839      0  
CD009647     0  22445241     0  
CD009647     0  8333511      0  
CD009647     0  18158885     0  
CD009647     0  8268605      0  
CD009647     0  8268607      0  
CD009647     0  8268609      0  
CD009647     0  15526912     0  
CD009647     0  2755786      0  
CD009647     0  11573558     0  
CD009647     0  20653820     0  
CD009647     0  9831092      0  
CD009647     0  22238009     0  
CD009647     0  1942342      0  
CD009647     0  11445693     0  
CD009647     0  3971726      0  
CD009647     0  22238000     0  
CD009647     0  10209567     0  
CD009647     0  19225273     0  
CD009647     0  14523141     0  
CD009647     0  9316651      0  
CD009647     0  15452058     0  
CD009647     0  16941030     0  
CD009647     0  2091688      0  
CD009647     0  17664641     0  
CD009647     0  19406971     0  
CD009647     0  290799       0  
CD009647     0  8003753      0  
CD009647     0  1464913      0  
CD009647     0  15162884     0  
CD009647     0  10958704     0  
CD009647     0  18556385     0  
CD009647     0  5013637      0  
CD009647     0  18556383     0  
CD009647     0  15684225     0  
CD009647     0  4087694      0  
CD009647     0  7944681      0  
CD009647     0  19789419     0  
CD009647     0  18981389     0  
CD009647     0  11059662     0  
CD009647     0  8970859      0  
CD009647     0  6344606      0  
CD009647     0  9256857      0  
CD009647     0  11521306     0  
CD009647     0  5395231      0  
CD009647     0  2589532      0  
CD009647     0  9582701      0  
CD009647     0  7958087      0  
CD009647     0  16380671     0  
CD009647     0  16219059     0  
CD009647     0  14695699     0  
CD009647     0  7890906      0  
CD009647     0  11774726     0  
CD009647     0  15244071     0  
CD009647     0  16432113     0  
CD009647     0  20653713     0  
CD009647     0  14618479     0  
CD009647     0  20661209     0  
CD009647     0  23299873     0  
CD009647     0  731936       0  
CD009647     0  7092544      0  
CD009647     0  18381185     0  
CD009647     0  12056516     0  
CD009647     0  17499799     0  
CD009647     0  1616083      0  
CD009647     0  9680769      0  
CD009647     0  17476140     0  
CD009647     0  9310086      1  
CD009647     0  11350271     0  
CD009647     0  16631065     0  
CD009647     0  1785232      0  
CD009647     0  9796373      0  
CD009647     0  3694164      0  
CD009647     0  19337017     0  
CD009647     0  7206083      0  
CD009647     0  16536777     0  
CD009647     0  17077527     0  
CD009647     0  2459871      0  
CD009647     0  22253067     0  
CD009647     0  7301002      0  
CD009647     0  6965315      0  
CD009647     0  7805462      0  
CD009647     0  15852666     0  
CD009647     0  10584839     0  
CD009647     0  2693539      0  
CD009647     0  19346743     0  
CD009647     0  11910227     0  
CD009647     0  8207324      0  
CD009647     0  20105166     0  
CD009647     0  15521214     0  
CD009647     0  1950084      0  
CD009647     0  4708942      0  
CD009647     0  2119350      0  
CD009647     0  1553894      0  
CD009647     0  10411043     0  
CD009647     0  11174882     0  
CD009647     0  8915035      0  
CD009647     0  23258808     0  
CD009647     0  8871888      0  
CD009647     0  2505718      0  
CD009647     0  10886261     0  
CD009647     0  14368736     0  
CD009647     0  5435148      0  
CD009647     0  9672496      0  
CD009647     0  11219224     0  
CD009647     0  8268648      0  
CD009647     0  721950       0  
CD009647     0  4094638      0  
CD009647     0  21923924     0  
CD009647     0  22687791     1  
CD009647     0  14989634     0  
CD009647     0  9814626      0  
CD009647     0  596082       0  
CD009647     0  15043849     0  
CD009647     0  10890028     0  
CD009647     0  18172784     0  
CD009647     0  19231915     0  
CD009647     0  3306868      0  
CD009647     0  2524680      0  
CD009647     0  11040913     0  
CD009647     0  4013587      0  
CD009647     0  3086339      0  
CD009647     0  3844466      0  
CD009647     0  22440057     0  
CD009647     0  22678525     0  
CD009647     0  15214975     0  
CD009647     0  23353926     0  
CD009647     0  16475460     0  
CD009647     0  19221767     0  
CD009647     0  3337511      0  
CD009647     0  12940458     0  
CD009647     0  10586551     0  
CD009647     0  2522688      0  
CD009647     0  15228468     0  
CD009647     0  12219956     0  
CD009647     0  21229778     0  
CD009647     0  21968660     0  
CD009647     0  10905673     0  
CD009647     0  23483469     0  
CD009647     0  9398959      0  
CD009647     0  21338409     0  
CD009647     0  10094608     0  
CD009647     0  16363077     0  
CD009647     0  18363043     0  
CD009647     0  21627579     0  
CD009647     0  19063806     0  
CD009647     0  23404642     0  
CD009647     0  2317409      0  
CD009647     0  10410178     0  
CD009647     0  6559274      0  
CD009647     0  17009449     0  
CD009647     0  16804130     0  
CD009647     0  9128878      0  
CD009647     0  8967479      0  
CD009647     0  19444561     0  
CD009647     0  7309224      0  
CD009647     0  20731102     0  
CD009647     0  18180983     0  
CD009647     0  4050884      0  
CD009647     0  1306427      0  
CD009647     0  8112068      0  
CD009647     0  12865281     0  
CD009647     0  21967555     0  
CD009647     0  16235675     0  
CD009647     0  8646244      0  
CD009647     0  5614266      0  
CD009647     0  19046461     0  
CD009647     0  6605696      0  
CD009647     0  7797744      0  
CD009647     0  23414587     0  
CD009647     0  17767804     0  
CD009647     0  17634270     0  
CD009647     0  14614757     0  
CD009647     0  2582914      0  
CD009647     0  21358396     0  
CD009647     0  12645108     0  
CD009647     0  22997204     0  
CD009647     0  1733879      0  
CD009647     0  5382691      0  
CD009647     0  22666789     0  
CD009647     0  2584546      0  
CD009647     0  1666248      0  
CD009647     0  22612653     0  
CD009647     0  15910727     0  
CD009647     0  22251604     0  
CD009647     0  11255058     0  
CD009647     0  23379487     0  
CD009647     0  7969774      0  
CD009647     0  18842671     0  
CD009647     0  9521635      0  
CD009647     0  11195844     0  
CD009647     0  8553593      0  
CD009647     0  20206850     0  
CD009647     0  20303632     0  
CD009647     0  20546216     0  
CD009647     0  17119339     0  
CD009647     0  12846628     0  
CD009647     0  21449992     0  
CD009647     0  9143575      0  
CD009647     0  17413099     0  
CD009647     0  8780360      0  
CD009647     0  15659894     0  
CD009647     0  20187484     0  
CD009647     0  7295465      0  
CD009647     0  12801253     0  
CD009647     0  8612410      0  
CD009647     0  17042662     0  
CD009647     0  1480755      0  
CD009647     0  17198093     0  
CD009647     0  18973500     0  
CD009647     0  8672354      0  
CD009647     0  1921001      0  
CD009647     0  7211555      1  
CD009647     0  2981620      0  
CD009647     0  18176003     0  
CD009647     0  11107804     0  
CD009647     0  4024992      0  
CD009647     0  23388510     0  
CD009647     0  10554048     0  
CD009647     0  7198414      0  
CD009647     0  2525094      0  
CD009647     0  22007702     0  
CD009647     0  3511409      0  
CD009647     0  268082       0  
CD009647     0  22610176     0  
CD009647     0  20085545     0  
CD009647     0  1830872      0  
CD009647     0  20197265     0  
CD009647     0  3296979      0  
CD009647     0  20104002     0  
CD009647     0  19562493     0  
CD009647     0  21317148     0  
CD009647     0  7577584      0  
CD009647     0  22892852     0  
CD009647     0  22623210     0  
CD009647     0  10716471     0  
CD009647     0  20667862     0  
CD009647     0  19118118     0  
CD009647     0  1735393      0  
CD009647     0  14657545     0  
CD009647     0  11573580     0  
CD009647     0  12631373     0  
CD009647     0  22278627     0  
CD009647     0  16132947     0  
CD009647     0  3957042      0  
CD009647     0  18275498     0  
CD009647     0  21172936     0  
CD009647     0  21585097     0  
CD009647     0  1935537      0  
CD009647     0  1644623      0  
CD009647     0  8811276      0  
CD009647     0  20889219     0  
CD009647     0  12450896     0  
CD009647     0  1109248      0  
CD009647     0  11786109     0  
CD009647     0  5934250      0  
CD009647     0  10207767     0  
CD009647     0  22192729     0  
CD009647     0  17726596     0  
CD009647     0  9558859      0  
CD009647     0  888670       0  
CD009647     0  2279574      0  
CD009647     0  18471172     0  
CD009647     0  6139011      0  
CD009647     0  5923525      0  
CD009647     0  18928748     0  
CD009647     0  9782750      0  
CD009647     0  18679637     0  
CD009647     0  7992947      0  
CD009647     0  10147702     0  
CD009647     0  17173589     0  
CD009647     0  19714880     0  
CD009647     0  18243818     0  
CD009647     0  1834113      0  
CD009647     0  19136834     0  
CD009647     0  11321855     0  
CD009647     0  1146799      0  
CD009647     0  10485770     0  
CD009647     0  17989977     0  
CD009647     0  1416702      0  
CD009647     0  15942856     0  
CD009647     0  5886962      0  
CD009647     0  3265801      0  
CD009647     0  1792412      0  
CD009647     0  11314238     0  
CD009647     0  22149763     0  
CD009647     0  21424373     0  
CD009647     0  15353454     0  
CD009647     0  12111177     0  
CD009647     0  2501970      0  
CD009647     0  7625329      0  
CD009647     0  21651656     0  
CD009647     0  10794585     0  
CD009647     0  9689415      0  
CD009647     0  15663682     0  
CD009647     0  9630113      0  
CD009647     0  20339884     0  
CD009647     0  22515643     0  
CD009647     0  15008252     0  
CD009647     0  12614811     0  
CD009647     0  3186209      0  
CD009647     0  8078191      0  
CD009647     0  22872427     0  
CD009647     0  12937311     0  
CD009647     0  12937312     0  
CD009647     0  22475641     0  
CD009647     0  16351493     0  
CD009647     0  14669854     0  
CD009647     0  11913805     0  
CD009647     0  17825194     0  
CD009647     0  2568053      0  
CD009647     0  2420003      0  
CD009647     0  7647143      0  
CD009647     0  23548328     0  
CD009647     0  10967610     0  
CD009647     0  9100572      0  
CD009647     0  7043016      0  
CD009647     0  3800181      0  
CD009647     0  16793554     0  
CD009647     0  16501488     0  
CD009647     0  11325706     0  
CD009647     0  18338283     0  
CD009647     0  10807471     0  
CD009647     0  9289021      0  
CD009647     0  18795254     0  
CD009647     0  22446990     0  
CD009647     0  2467493      0  
CD009647     0  1979513      0  
CD009647     0  462915       0  
CD009647     0  1967337      0  
CD009647     0  22457087     0  
CD009647     0  2605866      0  
CD009647     0  8225650      0  
CD009647     0  23266252     0  
CD009647     0  1563117      0  
CD009647     0  19647302     0  
CD009647     0  20447015     0  
CD009647     0  11312481     0  
CD009647     0  7625852      0  
CD009647     0  8708310      0  
CD009647     0  8065882      0  
CD009647     0  6299741      0  
CD009647     0  18694703     0  
CD009647     0  11777321     0  
CD009647     0  16135396     0  
CD009647     0  2476258      0  
CD009647     0  8309120      0  
CD009647     0  2720865      0  
CD009647     0  10598561     0  
CD009647     0  23327196     0  
CD009647     0  9066376      0  
CD009647     0  11517143     0  
CD009647     0  19013595     0  
CD009647     0  10599213     0  
CD009647     0  1190870      0  
CD009647     0  5470213      0  
CD009647     0  15311028     0  
CD009647     0  15311027     0  
CD009647     0  14728653     1  
CD009647     0  7423177      0  
CD009647     0  22728033     0  
CD009647     0  18676036     0  
CD009647     0  23154648     0  
CD009647     0  5864784      0  
CD009647     0  16755556     0  
CD009647     0  18157662     0  
CD009647     0  8339575      0  
CD009647     0  16185919     0  
CD009647     0  16509213     0  
CD009647     0  14571248     0  
CD009647     0  407469       0  
CD009647     0  10320117     0  
CD009647     0  15292312     0  
CD009647     0  12973834     0  
CD009647     0  17977402     0  
CD009647     0  12821972     0  
CD009647     0  9294826      0  
CD009647     0  8399652      0  
CD009647     0  578637       0  
CD009647     0  21471698     0  
CD009647     0  15185771     0  
CD009647     0  15941885     1  
CD009647     0  19582988     0  
CD009647     0  21819316     0  
CD009647     0  11381055     0  
CD009647     0  19059528     0  
CD009647     0  10681641     0  
CD009647     0  14633151     0  
CD009647     0  20590908     0  
CD009647     0  20634281     0  
CD009647     0  9059203      0  
CD009647     0  16679819     0  
CD009647     0  12611650     0  
CD009647     0  9379700      0  
CD009647     0  17644501     0  
CD009647     0  9369257      0  
CD009647     0  15784492     0  
CD009647     0  7579073      0  
CD009647     0  18981010     0  
CD009647     0  15311488     0  
CD009647     0  19821962     0  
CD009647     0  22843460     0  
CD009647     0  11382792     1  
CD009647     0  18706103     0  
CD009647     0  16552947     0  
CD009647     0  21910740     0  
CD009647     0  8422000      0  
CD009647     0  9288611      0  
CD009647     0  23188026     0  
CD009647     0  14984608     0  
CD009647     0  4966815      0  
CD009647     0  19270639     0  
CD009647     0  23547550     0  
CD009647     0  16002799     0  
CD009647     0  21736101     0  
CD009647     0  21903981     0  
CD009647     0  9424923      0  
CD009647     0  19847434     0  
CD009647     0  9220319      0  
CD009647     0  6402051      0  
CD009647     0  3968903      0  
CD009647     0  12092636     0  
CD009647     0  6849241      0  
CD009647     0  15164105     0  
CD009647     0  2961256      0  
CD009647     0  17041253     0  
CD009647     0  6538131      0  
CD009647     0  19558258     0  
CD009647     0  22808764     0  
CD009647     0  9578238      0  
CD009647     0  8687173      0  
CD009647     0  6743629      0  
CD009647     0  19726763     0  
CD009647     0  12781850     0  
CD009647     0  18029342     0  
CD009647     0  19453697     0  
CD009647     0  4723655      0  
CD009647     0  939064       0  
CD009647     0  20721271     0  
CD009647     0  23357450     0  
CD009647     0  10081342     0  
CD009647     0  19485723     0  
CD009647     0  11197633     0  
CD009647     0  7799015      0  
CD009647     0  12833834     0  
CD009647     0  10554565     0  
CD009647     0  2147044      0  
CD009647     0  10326421     0  
CD009647     0  1345150      0  
CD009647     0  22233264     0  
CD009647     0  3837438      0  
CD009647     0  11146309     0  
CD009647     0  21822034     0  
CD009647     0  3785129      0  
CD009647     0  9870433      0  
CD009647     0  995309       0  
CD009647     0  995307       0  
CD009647     0  19447832     0  
CD009647     0  9358345      1  
CD009647     0  22902494     0  
CD009647     0  11786114     0  
CD009647     0  14749863     0  
CD009647     0  22770758     0  
CD009647     0  1810307      0  
CD009647     0  21493740     0  
CD009647     0  3263404      0  
CD009647     0  1202868      0  
CD009647     0  16307345     0  
CD009647     0  20025677     0  
CD009647     0  11943038     0  
CD009647     0  2212254      0  
CD009647     0  8203359      0  
CD009647     0  12583249     0  
CD009647     0  21166630     0  
CD009647     0  8465228      0  
CD009647     0  11920548     0  
CD009647     0  19699409     0  
CD009647     0  17142659     0  
CD009647     0  403755       0  
CD009647     0  11228184     0  
CD009647     0  16360385     0  
CD009647     0  5109384      0  
CD009647     0  12461050     0  
CD009647     0  15284634     0  
CD009647     0  15012719     0  
CD009647     0  5631613      0  
CD009647     0  10518250     1  
CD009647     0  16491892     0  
CD009647     0  8850395      0  
CD009647     0  15888282     0  
CD009647     0  9614750      0  
CD009647     0  10429321     0  
CD009647     0  23383459     0  
CD009647     0  18569912     0  
CD009647     0  15079108     0  
CD009647     0  1165758      0  
CD009647     0  22315983     0  
CD009647     0  5899371      0  
CD009647     0  11858345     1  
CD009647     0  15181427     1  
CD009647     0  2528277      0  
CD009647     0  12141471     0  
CD009647     0  1478244      0  
CD009647     0  11577833     0  
CD009647     0  662209       0  
CD009647     0  20606118     0  
CD009647     0  7676789      0  
CD009647     0  20866163     0  
CD009647     0  15228447     0  
CD009647     0  10569256     0  
CD009647     0  2109716      0  
CD009647     0  11817535     0  
CD009647     0  19475135     0  
CD009647     0  3521047      0  
CD009647     0  15931644     0  
CD009647     0  20627764     0  
CD009647     0  8364831      0  
CD009647     0  23229485     0  
CD009647     0  16875747     0  
CD009647     0  312692       0  
CD009647     0  19570386     0  
CD009647     0  17492348     0  
CD009647     0  1860763      0  
CD009647     0  9375703      0  
CD009647     0  7400369      0  
CD009647     0  1624155      0  
CD009647     0  17321962     0  
CD009647     0  1867237      0  
CD009647     0  12576802     0  
CD009647     0  15985299     0  
CD009647     0  3888808      0  
CD009647     0  7562356      0  
CD009647     0  12525720     0  
CD009647     0  3532788      0  
CD009647     0  7664547      0  
CD009647     0  2775339      0  
CD009647     0  18562062     0  
CD009647     0  18562060     0  
CD009647     0  21448907     0  
CD009647     0  23311207     0  
CD009647     0  19190400     0  
CD009647     0  6412926      0  
CD009647     0  9924365      0  
CD009647     0  10769330     0  
CD009647     0  11011411     0  
CD009647     0  17086877     0  
CD009647     0  2365960      0  
CD009647     0  22910975     0  
CD009647     0  2630431      0  
CD009647     0  18856161     0  
CD009647     0  18410334     0  
CD009647     0  20020409     0  
CD009647     0  19419626     0  
CD009647     0  802632       0  
CD009647     0  8147353      0  
CD009647     0  15200450     0  
CD009647     0  7069387      0  
CD009647     0  3576160      0  
CD009647     0  7246701      0  
CD009647     0  15242035     0  
CD009647     0  17984418     0  
CD009647     0  6124140      0  
CD009647     0  3907323      0  
CD009647     0  17403706     0  
CD009647     0  3873461      0  
CD009647     0  11231370     0  
CD009647     0  11733630     0  
CD009647     0  9150475      0  
CD009647     0  15936458     0  
CD009647     0  428728       0  
CD009647     0  7084287      0  
CD009647     0  3079687      0  
CD009647     0  8260695      0  
CD009647     0  3186562      0  
CD009647     0  22820444     0  
CD009647     0  12566667     0  
CD009647     0  15699833     0  
CD009647     0  3892648      0  
CD009647     0  7408392      0  
CD009647     0  19318675     0  
CD009647     0  15802214     0  
CD009647     0  4091028      0  
CD009647     0  22569378     0  
CD009647     0  3675136      0  
CD009647     0  2321565      0  
CD009647     0  9504574      0  
CD009647     0  20736921     0  
CD009647     0  12233273     0  
CD009647     0  19423854     0  
CD009647     0  18582254     0  
CD009647     0  359019       0  
CD009647     0  6398383      0  
CD009647     0  16721026     0  
CD009647     0  9426373      0  
CD009647     0  629632       0  
CD009647     0  995828       0  
CD009647     0  2985302      0  
CD009647     0  15331305     0  
CD009647     0  21605919     0  
CD009647     0  22561769     0  
CD009647     0  2385208      0  
CD009647     0  10083993     0  
CD009647     0  4024402      0  
CD009647     0  16861016     0  
CD009647     0  1439651      0  
CD009647     0  3792183      0  
CD009647     0  9534323      0  
CD009647     0  22863643     0  
CD009647     0  8414157      0  
CD009647     0  8378650      0  
CD009647     0  20680650     0  
CD009647     0  5453187      0  
CD009647     0  19655828     0  
CD009647     0  16402447     0  
CD009647     0  2955161      0  
CD009647     0  22056150     0  
CD009647     0  17970857     0  
CD009647     0  11259692     0  
CD009647     0  8404079      0  
CD009647     0  20610358     0  
CD009647     0  11863308     0  
CD009647     0  19298558     0  
CD009647     0  18540687     0  
CD009647     0  11052283     0  
CD009647     0  12635320     0  
CD009647     0  9665674      1  
CD009647     0  1534478      0  
CD009647     0  2583938      0  
CD009647     0  17126753     0  
CD009647     0  15292031     0  
CD009647     0  21542114     0  
CD009647     0  12074531     0  
CD009647     0  14618426     0  
CD009647     0  7518781      0  
CD009647     0  1709002      0  
CD009647     0  2668005      0  
CD009647     0  16337039     0  
CD009647     0  7444685      0  
CD009647     0  2773616      0  
CD009647     0  8776638      0  
CD009647     0  7514953      0  
CD009647     0  17221146     0  
CD009647     0  11033983     0  
CD009647     0  7734016      0  
CD009647     0  15569132     0  
CD009647     0  995310       0  
CD009647     0  1192692      0  
CD009647     0  3576157      0  
CD009647     0  17623088     0  
CD009647     0  16395516     0  
CD009647     0  22770562     0  
CD009647     0  2597631      0  
CD009647     0  5576038      0  
CD009647     0  12455775     0  
CD009647     0  7474224      0  
CD009647     0  3824882      0  
CD009647     0  7377572      0  
CD009647     0  22143056     0  
CD009647     0  3240217      0  
CD009647     0  7443778      0  
CD009647     0  17990389     0  
CD009647     0  19679558     0  
CD009647     0  1992534      0  
CD009647     0  3271605      0  
CD009647     0  22116463     0  
CD009647     0  7811054      0  
CD009647     0  2216006      0  
CD009647     0  14665565     0  
CD009647     0  20384880     0  
CD009647     0  3383235      0  
CD009647     0  22803968     0  
CD009647     0  16360441     0  
CD009647     0  18649869     0  
CD009647     0  6829756      0  
CD009647     0  2693619      0  
CD009647     0  22321927     0  
CD009647     0  2502736      0  
CD009647     0  2661128      0  
CD009647     0  12454226     0  
CD009647     0  15325671     0  
CD009647     0  7736475      0  
CD009647     0  11591359     0  
CD009647     0  21205991     0  
CD009647     0  969479       0  
CD009647     0  8403686      0  
CD009647     0  17993772     0  
CD009647     0  19627749     0  
CD009647     0  19353776     0  
CD009647     0  8850099      0  
CD009647     0  14616324     0  
CD009647     0  12166275     0  
CD009647     0  17135734     0  
CD009647     0  21725513     0  
CD009647     0  16538880     0  
CD009647     0  10459029     0  
CD009647     0  16538882     0  
CD009647     0  8274969      0  
CD009647     0  21061550     0  
CD009647     0  19913946     0  
CD009647     0  594711       0  
CD009647     0  16463271     0  
CD009647     0  5642964      0  
CD009647     0  15237655     0  
CD009647     0  16510916     0  
CD009647     0  6802937      0  
CD009647     0  10214010     0  
CD009647     0  15210289     1  
CD009647     0  3769770      0  
CD009647     0  21390320     0  
CD009647     0  9509195      0  
CD009647     0  2147209      0  
CD009647     0  20369757     0  
CD009647     0  23167046     0  
CD009647     0  11578261     0  
CD009647     0  22257240     0  
CD009647     0  19187399     0  
CD009647     0  9527742      0  
CD009647     0  15171475     0  
CD009647     0  11174363     0  
CD009647     0  21395140     0  
CD009647     0  22183521     0  
CD009647     0  451510       0  
CD009647     0  18184165     0  
CD009647     0  21418869     0  
CD009647     0  17522604     0  
CD009647     0  22091575     1  
CD009647     0  20030285     0  
CD009647     0  6140341      0  
CD009647     0  14668272     0  
CD009647     0  7353449      0  
CD009647     0  23249878     0  
CD009647     0  19201917     0  
CD009647     0  23469009     0  
CD009647     0  1538085      0  
CD009647     0  3371084      0  
CD009647     0  20685498     0  
CD009647     0  15006063     0  
CD009647     0  3133995      0  
CD009647     0  6624145      0  
CD009647     0  8865707      0  
CD009647     0  3965735      0  
CD009647     0  20938142     0  
CD009647     0  18194933     0  
CD009647     0  16837813     0  
CD009647     0  15034110     0  
CD009647     0  11552334     0  
CD009647     0  18772150     0  
CD009647     0  17077624     0  
CD009647     0  7270324      0  
CD009647     0  13052408     0  
CD009647     0  16420073     0  
CD009647     0  3590470      0  
CD009647     0  18700531     0  
CD009647     0  16193330     0  
CD009647     0  9667346      0  
CD009647     0  7099391      0  
CD009647     0  16965591     0  
CD009647     0  15826425     0  
CD009647     0  22993928     0  
CD009647     0  17301591     0  
CD009647     0  9626467      0  
CD009647     0  2276049      0  
CD009647     0  12050241     0  
CD009647     0  17619038     0  
CD009647     0  20102356     0  
CD009647     0  8515849      0  
CD009647     0  19763056     0  
CD009647     0  10663277     0  
CD009647     0  21046063     0  
CD009647     0  8693486      0  
CD009647     0  8803989      0  
CD009647     0  18306678     0  
CD009647     0  14557120     0  
CD009647     0  11835343     0  
CD009647     0  8417662      0  
CD009647     0  8396369      0  
CD009647     0  11576887     0  
CD009647     0  17378223     0  
CD009647     0  21283922     0  
CD009647     0  3993426      0  
CD009647     0  135920       0  
CD009647     0  11104590     0  
CD009647     0  10101460     0  
CD009647     0  16794091     0  
CD009647     0  22410862     0  
CD009647     0  8493474      0  
CD009647     0  18362297     0  
CD009647     0  20142773     0  
CD009647     0  6881497      0  
CD009647     0  1484152      0  
CD009647     0  2348127      0  
CD009647     0  1859176      0  
CD009647     0  12667775     0  
CD009647     0  22248509     0  
CD009647     0  16948513     0  
CD009647     0  17562951     0  
CD009647     0  17443378     0  
CD009647     0  3996152      0  
CD009647     0  2195167      0  
CD009647     0  22938659     0  
CD009647     0  23422102     0  
CD009647     0  10622382     0  
CD009647     0  7332917      0  
CD009647     0  11089750     0  
CD009647     0  6293084      0  
CD009647     0  10717627     0  
CD009647     0  7966996      0  
CD009647     0  6440463      0  
CD009647     0  21057782     0  
CD009647     0  10938493     0  
CD009647     0  23108095     0  
CD009647     0  17417148     0  
CD009647     0  16638480     0  
CD009647     0  20427959     0  
CD009647     0  17586425     0  
CD009647     0  16088105     0  
CD009647     0  16556717     0  
CD009647     0  10896376     0  
CD009647     0  12753470     0  
CD009647     0  10473021     0  
CD009647     0  18220800     0  
CD009647     0  22895568     0  
CD009647     0  7204718      0  
CD009647     0  15345731     1  
CD009647     0  22099743     0  
CD009647     0  22765485     0  
CD009647     0  21612047     0  
CD009647     0  23498028     0  
CD009647     0  22460436     0  
CD009647     0  12752906     0  
CD009647     0  22117051     0  
CD009647     0  18660636     0  
CD009647     0  23295344     0  
CD009647     0  21436023     0  
CD009647     0  9284855      0  
CD009647     0  7533312      0  
CD009647     0  7018361      0  
CD009647     0  11398591     0  
CD009647     0  1296493      0  
CD009647     0  10892634     0  
CD009647     0  21896142     0  
CD009647     0  12002704     0  
CD009647     0  8295352      0  
CD009647     0  19384214     0  
CD009647     0  19473591     0  
CD009647     0  15359357     0  
CD009647     0  22097119     0  
CD009647     0  18295956     0  
CD009647     0  4117589      0  
CD009647     0  7851990      0  
CD009647     0  21594682     0  
CD009647     0  3199898      0  
CD009647     0  4723692      0  
CD009647     0  1638783      0  
CD009647     0  12705111     1  
CD009647     0  15932348     0  
CD009647     0  22609263     0  
CD009647     0  16048255     0  
CD009647     0  14605285     0  
CD009647     0  421671       0  
CD009647     0  18218312     0  
CD009647     0  8366983      0  
CD009647     0  6472364      1  
CD009647     0  9188290      1  
CD009647     0  19117500     0  
CD009647     0  14627972     0  
CD009647     0  10419988     0  
CD009647     0  17093169     0  
CD009647     0  19830486     0  
CD009647     0  20081049     0  
CD009647     0  22002075     0  
CD009647     0  6194934      0  
CD009647     0  2943143      0  
CD009647     0  2401575      0  
CD009647     0  9697878      0  
CD009647     0  10596369     0  
CD009647     0  7871935      0  
CD009647     0  20134279     0  
CD009647     0  15335149     0  
CD009647     0  23406891     0  
CD009647     0  12584922     0  
CD009647     0  2468978      0  
CD009647     0  10720970     0  
CD009647     0  8501861      0  
CD009647     0  22698802     0  
CD009647     0  10692279     0  
CD009647     0  3637151      0  
CD009647     0  22886499     0  
CD009647     0  3288999      0  
CD009647     0  11901941     0  
CD009647     0  20817537     0  
CD009647     0  3676769      0  
CD009647     0  22080394     0  
CD009647     0  1845280      0  
CD009647     0  9892337      0  
CD009647     0  20404719     0  
CD009647     0  9591941      0  
CD009647     0  22504895     0  
CD009647     0  21892803     0  
CD009647     0  21786574     0  
CD009647     0  10701284     0  
CD009647     0  10356075     0  
CD009647     0  18000319     0  
CD009647     0  12433866     0  
CD009647     0  23496346     0  
CD009647     0  12369886     0  
CD009647     0  12043053     0  
CD009647     0  22334828     0  
CD009647     0  19192026     0  
CD009647     0  7486469      0  
CD009647     0  21763244     0  
CD009647     0  18758414     0  
CD009647     0  18710113     0  
CD009647     0  11454119     0  
CD009647     0  15182283     0  
CD009647     0  16118488     0  
CD009647     0  21950312     0  
CD009647     0  7124723      0  
CD009647     0  7434983      0  
CD009647     0  10441799     0  
CD009647     0  19426245     0  
CD009647     0  20214271     0  
CD009647     0  11459887     0  
CD009647     0  2242791      0  
CD009647     0  10483327     0  
CD009647     0  8573022      0  
CD009647     0  10472238     0  
CD009647     0  17473492     0  
CD009647     0  3599344      0  
CD009647     0  1337961      0  
CD009647     0  8030843      0  
CD009647     0  3717155      0  
CD009647     0  10826233     1  
CD009647     0  3948466      0  
CD009647     0  856258       0  
CD009647     0  3316670      0  
CD009647     0  19156017     0  
CD009647     0  23082002     0  
CD009647     0  7053305      0  
CD009647     0  4121778      0  
CD009647     0  9294478      0  
CD009647     0  3901683      0  
CD009647     0  20848079     0  
CD009647     0  18458032     0  
CD009647     0  2766684      0  
CD009647     0  6291819      0  
CD009647     0  2645915      0  
CD009647     0  10470752     0  
CD009647     0  11968582     0  
CD009647     0  17704435     0  
CD009647     0  7979169      0  
CD009647     0  10227763     0  
CD009647     0  22889406     0  
CD009647     0  18292441     0  
CD009647     0  8070497      0  
CD009647     0  2031079      0  
CD009647     0  10769847     0  
CD009647     0  9690731      0  
CD009647     0  11792756     0  
CD009647     0  11230776     0  
CD009647     0  1822265      0  
CD009647     0  19426933     0  
CD009647     0  11195401     0  
CD009647     0  798060       0  
CD009647     0  8968982      0  
CD009647     0  18976172     0  
CD009647     0  1756765      0  
CD009647     0  15135699     0  
CD009647     0  7207197      0  
CD009647     0  23136215     0  
CD009647     0  18496276     0  
CD009647     0  16304673     0  
CD009647     0  8239813      0  
CD009647     0  12103382     0  
CD009647     0  10352200     0  
CD009647     0  12103384     0  
CD009647     0  7974317      0  
CD009647     0  10071546     0  
CD009647     0  2224755      0  
CD009647     0  11254839     0  
CD009647     0  2795972      0  
CD009647     0  16704544     0  
CD009647     0  1773437      0  
CD009647     0  12556070     0  
CD009647     0  21601329     0  
CD009647     0  16749484     0  
CD009647     0  20331902     0  
CD009647     0  1725036      0  
CD009647     0  9675624      0  
CD009647     0  12243606     0  
CD009647     0  666991       0  
CD009647     0  22277176     0  
CD009647     0  14772651     0  
CD009647     0  2273540      0  
CD009647     0  13674126     0  
CD009647     0  18309444     0  
CD009647     0  11810779     0  
CD009647     0  11323337     0  
CD009647     0  7261837      0  
CD009647     0  12077469     0  
CD009647     0  15721722     0  
CD009647     0  6865187      0  
CD009647     0  2077821      0  
CD009647     0  4010649      0  
CD009647     0  2884861      0  
CD009647     0  2440274      0  
CD009647     0  17402882     0  
CD009647     0  18379535     0  
CD009647     0  19561485     0  
CD009647     0  8399572      0  
CD009647     0  21378253     0  
CD009647     0  2393480      0  
CD009647     0  17306903     0  
CD009647     0  22646855     0  
CD009647     0  8646578      0  
CD009647     0  3538938      0  
CD009647     0  7645364      0  
CD009647     0  1881579      0  
CD009647     0  11903789     0  
CD009647     0  2954723      0  
CD009647     0  233253       0  
CD009647     0  11964588     0  
CD009647     0  20122539     0  
CD009647     0  16922178     0  
CD009647     0  19325482     0  
CD009647     0  3863050      0  
CD009647     0  3953316      0  
CD009647     0  16488346     0  
CD009647     0  6455834      0  
CD009647     0  19846007     0  
CD009647     0  22707358     0  
CD009647     0  15673322     0  
CD009647     0  19247271     0  
CD009647     0  10326419     0  
CD009647     0  10913037     0  
CD009647     0  22136870     0  
CD009647     0  21074790     0  
CD009647     0  7828386      0  
CD009647     0  8446267      0  
CD009647     0  15207441     0  
CD009647     0  1826125      0  
CD009647     0  16914067     0  
CD009647     0  14610331     0  
CD009647     0  1886511      0  
CD009647     0  21597549     0  
CD009647     0  16913989     1  
CD009647     0  19417163     0  
CD009647     0  3983593      0  
CD009647     0  22827296     0  
CD009647     0  8514039      0  
CD009647     0  22922981     0  
CD009647     0  14661820     1  
CD009647     0  22022216     0  
CD009647     0  1990105      0  
CD009647     0  7373676      0  
CD009647     0  10970985     0  
CD009647     0  9669115      0  
CD009647     0  7034454      0  
CD009647     0  19277889     0  
CD009647     0  21033135     0  
CD009647     0  17524431     0  
CD009647     0  18770483     0  
CD009647     0  18336739     0  
CD009647     0  3918091      0  
CD009647     0  20060071     0  
CD009647     0  11987346     0  
CD009647     0  12931761     0  
CD009647     0  7437994      0  
CD009647     0  16981968     0  
CD009647     0  20339358     0  
CD009647     0  15998769     0  
CD009647     0  20533155     0  
CD009647     0  16014066     0  
CD009647     0  16649177     0  
CD009647     0  8460004      0  
CD009647     0  9639350      0  
CD009647     0  23352976     0  
CD009647     0  241277       0  
CD009647     0  14574348     0  
CD009647     0  12133029     0  
CD009647     0  7947600      0  
CD009647     0  19419350     0  
CD009647     0  20455045     0  
CD009647     0  20205097     0  
CD009647     0  22510424     0  
CD009647     0  19663711     0  
CD009647     0  3608389      0  
CD009647     0  22246489     0  
CD009647     0  19228780     1  
CD009647     0  1942827      0  
CD009647     0  18710668     0  
CD009647     0  10898251     0  
CD009647     0  989795       0  
CD009647     0  16274097     0  
CD009647     0  18397821     0  
CD009647     0  16159936     0  
CD009647     0  3739918      0  
CD009647     0  11505121     0  
CD009647     0  20231073     0  
CD009647     0  6373442      0  
CD009647     0  22359983     0  
CD009647     0  8763514      0  
CD009647     0  9262597      0  
CD009647     0  19259043     0  
CD009647     0  17972337     0  
CD009647     0  2007221      0  
CD009647     0  20507952     0  
CD009647     0  9372692      0  
CD009647     0  3770957      0  
CD009647     0  8630514      0  
CD009647     0  12653734     0  
CD009647     0  3230649      0  
CD009647     0  21530295     0  
CD009647     0  21132157     0  
CD009647     0  17966613     0  
CD009647     0  9362203      0  
CD009647     0  11602893     0  
CD009647     0  3880686      0  
CD009647     0  9972188      0  
CD009647     0  9790267      0  
CD009647     0  19781209     0  
CD009647     0  23063989     1  
CD009647     0  9273458      0  
CD009647     0  22734626     0  
CD009647     0  18212788     0  
CD009647     0  9272103      0  
CD009647     0  4437081      0  
CD009647     0  9309942      0  
CD009647     0  15030342     0  
CD009647     0  23272514     0  
CD009647     0  20508732     0  
CD009647     0  18091397     0  
CD009647     0  9885868      0  
CD009647     0  18234997     0  
CD009647     0  21171265     0  
CD009647     0  22321279     0  
CD009647     0  20876366     0  
CD009647     0  20873241     0  
CD009647     0  2452997      0  
CD009647     0  12923652     0  
CD009647     0  10789188     0  
CD009647     0  9413765      0  
CD009647     0  15559741     0  
CD009647     0  20723173     0  
CD009647     0  21163766     0  
CD009647     0  9061426      0  
CD009647     0  6878249      0  
CD009647     0  2966770      0  
CD009647     0  17087599     0  
CD009647     0  16491403     0  
CD009647     0  9254093      0  
CD009647     0  4218341      0  
CD009647     0  8938682      0  
CD009647     0  5955725      0  
CD009647     0  3512670      0  
CD009647     0  23237936     0  
CD009647     0  7613258      0  
CD009647     0  22406124     0  
CD009647     0  16711170     0  
CD009647     0  464712       0  
CD009647     0  2223427      0  
CD009647     0  21807321     0  
CD009647     0  3966494      0  
CD009647     0  22813787     0  
CD009647     0  15211724     0  
CD009647     0  19500782     0  
CD009647     0  8621967      0  
CD009647     0  17149087     0  
CD009647     0  9394573      0  
CD009647     0  11889304     0  
CD009647     0  6416193      0  
CD009647     0  21777511     0  
CD009647     0  17943019     0  
CD009647     0  8968973      0  
CD009647     0  21676132     0  
CD009647     0  2228410      0  
CD009647     0  17133055     0  
CD009647     0  1506810      0  
CD009647     0  12637914     0  
CD009647     0  16785150     0  
CD009647     0  3192684      0  
CD009647     0  3105319      0  
CD009647     0  23210336     0  
CD009647     0  8154506      0  
CD009647     0  22000401     0  
CD009647     0  12897642     0  
CD009647     0  22729309     0  
CD009647     0  1826356      0  
CD009647     0  9437437      0  
CD009647     0  4693045      0  
CD009647     0  3706370      0  
CD009647     0  16297614     0  
CD009647     0  10831642     0  
CD009647     0  19515476     1  
CD009647     0  22444720     0  
CD009647     0  15672792     0  
CD009647     0  11534569     0  
CD009647     0  22174345     0  
CD009647     0  9509452      0  
CD009647     0  9069446      0  
CD009647     0  16304249     0  
CD009647     0  19836623     0  
CD009647     0  22120091     0  
CD009647     0  8874554      0  
CD009647     0  15090900     0  
CD009647     0  3192313      0  
CD009647     0  15870633     0  
CD009647     0  14582043     0  
CD009647     0  10649728     0  
CD009647     0  17703615     0  
CD009647     0  19327423     0  
CD009647     0  8391608      0  
CD009647     0  6351558      0  
CD009647     0  18712227     0  
CD009647     0  19749656     0  
CD009647     0  16108888     0  
CD009647     0  20116320     0  
CD009647     0  18078095     0  
CD009647     0  1687048      0  
CD009647     0  2221464      0  
CD009647     0  9058444      0  
CD009647     0  19214345     0  
CD009647     0  20043162     0  
CD009647     0  11405834     0  
CD009647     0  11676358     0  
CD009647     0  4017265      0  
CD009647     0  5469556      0  
CD009647     0  9680504      0  
CD009647     0  8708320      0  
CD009647     0  19535713     0  
CD009647     0  14586363     0  
CD009647     0  11225294     0  
CD009647     0  1826134      0  
CD009647     0  21867622     0  
CD009647     0  10420028     0  
CD009647     0  16631198     0  
CD009647     0  21176268     0  
CD009647     0  18840373     0  
CD009647     0  17616343     1  
CD009647     0  12959652     1  
CD009647     0  18594139     0  
CD009647     0  16089274     0  
CD009647     0  11334196     0  
CD009647     0  22968361     0  
CD009647     0  10348361     0  
CD009647     0  4002781      0  
CD009647     0  4002785      0  
CD009647     0  16624148     0  
CD009647     0  15351800     0  
CD009647     0  23010417     0  
CD009647     0  22249431     0  
CD009647     0  19704098     0  
CD009647     0  4428329      0  
CD009647     0  1552969      0  
CD009647     0  21280519     0  
CD009647     0  20305328     1  
CD009647     0  8186777      0  
CD009647     0  19891597     0  
CD009647     0  12076345     0  
CD009647     0  11020021     0  
CD009647     0  23046199     0  
CD009647     0  3756934      0  
CD009647     0  11242610     0  
CD009647     0  21850234     0  
CD009647     0  17350919     0  
CD009647     0  8358414      0  
CD009647     0  5114803      0  
CD009647     0  2716878      0  
CD009647     0  12183979     0  
CD009647     0  3922212      0  
CD009647     0  11676229     0  
CD009647     0  7839775      0  
CD009647     0  6299317      0  
CD009647     0  18592993     0  
CD009647     0  7843705      0  
CD009647     0  19483487     0  
CD009647     0  3436153      0  
CD009647     0  8865881      0  
CD009647     0  7620239      0  
CD009647     0  730004       0  
CD009647     0  17063070     0  
CD009647     0  16584385     0  
CD009647     0  17688689     0  
CD009647     0  8941625      0  
CD009647     0  8995474      0  
CD009647     0  12914563     0  
CD009647     0  22289562     0  
CD009647     0  3631659      0  
CD009647     0  16868716     0  
CD009647     0  2249488      0  
CD009647     0  5394863      0  
CD009647     0  3390250      0  
CD009647     0  9820085      0  
CD009647     0  10182418     0  
CD009647     0  22448705     0  
CD009647     0  16144849     0  
CD009647     0  6710391      0  
CD009647     0  16224514     0  
CD009647     0  9403744      0  
CD009647     0  22447415     0  
CD009647     0  11070762     0  
CD009647     0  3080118      0  
CD009647     0  10750855     0  
CD009647     0  8306550      0  
CD009647     0  3923453      0  
CD009647     0  4194504      0  
CD009647     0  3977441      0  
CD009647     0  7751430      0  
CD009647     0  14717236     0  
CD009647     0  14587369     0  
CD009647     0  7676788      0  
CD009647     0  12107676     0  
CD009647     0  9522386      0  
CD009647     0  12910166     0  
CD009647     0  2095179      0  
CD009647     0  10569323     0  
CD009647     0  7490911      0  
CD009647     0  22619890     0  
CD009647     0  9129268      0  
CD009647     0  19961297     0  
CD009647     0  1983568      0  
CD009647     0  18672200     0  
CD009647     0  9502185      0  
CD009647     0  14551362     0  
CD009647     0  21527444     0  
CD009647     0  7704962      0  
CD009647     0  4409225      0  
CD009647     0  17617905     0  
CD009647     0  6126114      0  
CD009647     0  21127381     0  
CD009647     0  16061743     0  
CD009647     0  15786530     0  
CD009647     0  10534511     0  
CD009647     0  19418292     0  
CD009647     0  6900214      0  
CD009647     0  9285672      0  
CD009647     0  17166980     0  
CD009647     0  2437489      0  
CD009647     0  9819887      0  
CD009647     0  19878097     0  
CD009647     0  1649864      0  
CD009647     0  17233397     0  
CD009647     0  22595385     0  
CD009647     0  7942597      0  
CD009647     0  9737094      0  
CD009647     0  22651946     0  
CD009647     0  7657913      0  
CD009647     0  6747168      0  
CD009647     0  9737099      0  
CD009647     0  3398981      0  
CD009647     0  10893331     0  
CD009647     0  9053497      0  
CD009647     0  20805697     0  
CD009647     0  14569641     0  
CD009647     0  12902096     0  
CD009647     0  23570891     0  
CD009647     0  6306381      0  
CD009647     0  12566732     0  
CD009647     0  1505604      0  
CD009647     0  1699443      0  
CD009647     0  9842199      0  
CD009647     0  10897014     0  
CD009647     0  1424891      0  
CD009647     0  1009970      0  
CD009647     0  10632685     0  
CD009647     0  20129254     0  
CD009647     0  20459609     0  
CD009647     0  19666518     0  
CD009647     0  10967919     0  
CD009647     0  18292734     0  
CD009647     0  3449983      0  
CD009647     0  20126955     0  
CD009647     0  20042425     0  
CD009647     0  22621427     0  
CD009647     0  2276191      0  
CD009647     0  2795975      0  
CD009647     0  3974538      0  
CD009647     0  9165412      0  
CD009647     0  3527514      0  
CD009647     0  378092       0  
CD009647     0  8193750      0  
CD009647     0  9044340      0  
CD009647     0  3891178      0  
CD009647     0  17483008     0  
CD009647     0  2187681      0  
CD009647     0  3082302      0  
CD009647     0  16968426     0  
CD009647     0  843146       0  
CD009647     0  17082887     0  
CD009647     0  365289       0  
CD009647     0  10622086     0  
CD009647     0  21958049     0  
CD009647     0  20396636     0  
CD009647     0  5442628      0  
CD009647     0  7331870      0  
CD009647     0  18379556     0  
CD009647     0  1309381      0  
CD009647     0  12059010     0  
CD009647     0  1656676      0  
CD009647     0  8155346      0  
CD009647     0  7781236      0  
CD009647     0  7894218      0  
CD009647     0  10205310     0  
CD009647     0  16413428     0  
CD009647     0  2368709      0  
CD009647     0  20822871     0  
CD009647     0  10231464     0  
CD009647     0  2364713      0  
CD009647     0  111998       0  
CD009647     0  15850908     0  
CD009647     0  19706163     0  
CD009647     0  22173753     0  
CD009647     0  16716240     0  
CD009647     0  9440092      0  
CD009647     0  9623431      0  
CD009647     0  12092044     0  
CD009647     0  22540740     0  
CD009647     0  15531010     0  
CD009647     0  23068288     0  
CD009647     0  2009244      0  
CD009647     0  19279540     0  
CD009647     0  17413560     0  
CD009647     0  18981042     1  
CD009647     0  18693665     0  
CD009647     0  18300117     0  
CD009647     0  3684705      0  
CD009647     0  7651453      0  
CD009647     0  3318268      0  
CD009647     0  1486696      0  
CD009647     0  12386796     0  
CD009647     0  9288021      0  
CD009647     0  21449910     0  
CD009647     0  21131132     0  
CD009647     0  15991285     0  
CD009647     0  17071251     0  
CD009647     0  17397435     0  
CD009647     0  17145241     0  
CD009647     0  12898853     0  
CD009647     0  22980925     0  
CD009647     0  21510854     0  
CD009647     0  8489342      0  
CD009647     0  2901267      0  
CD009647     0  12753429     0  
CD009647     0  3341836      0  
CD009647     0  22466994     0  
CD009647     0  9458998      1  
CD009647     0  6532797      0  
CD009647     0  17452412     0  
CD009647     0  17825590     0  
CD009647     0  20044443     0  
CD009647     0  10089628     0  
CD009647     0  12382212     0  
CD009647     0  1611451      0  
CD009647     0  10439344     0  
CD009647     0  11774114     0  
CD009647     0  19692417     0  
CD009647     0  18416215     0  
CD009647     0  7570434      0  
CD009647     0  16999627     0  
CD009647     0  2129450      0  
CD009647     0  9615808      0  
CD009647     0  2129453      0  
CD009647     0  23121378     0  
CD009647     0  9504354      0  
CD009647     0  18705707     0  
CD009647     0  11889810     0  
CD009647     0  9382118      0  
CD009647     0  15863668     0  
CD009647     0  8164338      0  
CD009647     0  16440607     0  
CD009647     0  17594156     0  
CD009647     0  1940116      0  
CD009647     0  2993397      0  
CD009647     0  17369616     0  
