CD010633     0  15265266     0  
CD010633     0  9372455      0  
CD010633     0  9305498      0  
CD010633     0  9693235      0  
CD010633     0  9169566      0  
CD010633     0  9169565      0  
CD010633     0  16298237     0  
CD010633     0  7590593      0  
CD010633     0  7936259      0  
CD010633     0  9125732      0  
CD010633     0  22167382     0  
CD010633     0  20488678     0  
CD010633     0  18391962     0  
CD010633     0  7710647      0  
CD010633     0  18949971     0  
CD010633     0  17071924     0  
CD010633     0  7561963      0  
CD010633     0  14609813     0  
CD010633     0  18690884     0  
CD010633     0  1496187      0  
CD010633     0  7866483      0  
CD010633     0  18766160     0  
CD010633     0  22024052     0  
CD010633     0  17726249     0  
CD010633     0  18283251     0  
CD010633     0  21717292     0  
CD010633     0  22791632     0  
CD010633     0  8087734      0  
CD010633     0  22388932     0  
CD010633     0  23160999     0  
CD010633     0  8242214      0  
CD010633     0  22435956     0  
CD010633     0  21314662     0  
CD010633     0  17182396     0  
CD010633     0  11844889     0  
CD010633     0  7743079      0  
CD010633     0  10459747     0  
CD010633     0  20675879     0  
CD010633     0  9660012      0  
CD010633     0  10637407     0  
CD010633     0  15542244     0  
CD010633     0  19363270     0  
CD010633     0  11555340     0  
CD010633     0  2340662      0  
CD010633     0  16191223     0  
CD010633     0  20003584     0  
CD010633     0  18388853     0  
CD010633     0  18410503     0  
CD010633     0  10377830     0  
CD010633     0  18386631     0  
CD010633     0  1617841      0  
CD010633     0  18593002     0  
CD010633     0  15760648     0  
CD010633     0  9448576      0  
CD010633     0  19329351     0  
CD010633     0  19276101     0  
CD010633     0  11925777     0  
CD010633     0  19235928     0  
CD010633     0  10445434     0  
CD010633     0  17362834     0  
CD010633     0  19684240     0  
CD010633     0  8843120      0  
CD010633     0  3383904      0  
CD010633     0  22939818     0  
CD010633     0  8873880      0  
CD010633     0  15775716     0  
CD010633     0  21899142     0  
CD010633     0  19030774     0  
CD010633     0  1564478      0  
CD010633     0  19017781     0  
CD010633     0  22764226     0  
CD010633     0  19017782     0  
CD010633     0  22929226     0  
CD010633     0  21744382     0  
CD010633     0  16551505     0  
CD010633     0  1389566      0  
CD010633     0  20670380     0  
CD010633     0  3266886      0  
CD010633     0  2535422      0  
CD010633     0  10875129     0  
CD010633     0  9834553      0  
CD010633     0  20068307     0  
CD010633     0  22771809     0  
CD010633     0  8662117      0  
CD010633     0  19081458     0  
CD010633     0  8921667      0  
CD010633     0  9577668      0  
CD010633     0  7756009      0  
CD010633     0  12739379     0  
CD010633     0  10093779     0  
CD010633     0  16340650     0  
CD010633     0  9093504      0  
CD010633     0  19899565     0  
CD010633     0  2405332      0  
CD010633     0  1934830      0  
CD010633     0  9876968      0  
CD010633     0  10785837     0  
CD010633     0  11253380     0  
CD010633     0  23185535     0  
CD010633     0  17622781     0  
CD010633     0  10619205     0  
CD010633     0  7965038      0  
CD010633     0  15959843     0  
CD010633     0  9752059      0  
CD010633     0  20669272     0  
CD010633     0  8721108      0  
CD010633     0  15462408     0  
CD010633     0  22065755     0  
CD010633     0  22737239     0  
CD010633     0  7561970      0  
CD010633     0  8781138      0  
CD010633     0  7745399      0  
CD010633     0  21971454     0  
CD010633     0  18427998     0  
CD010633     0  14607313     0  
CD010633     0  12474288     0  
CD010633     0  8145915      0  
CD010633     0  22879086     0  
CD010633     0  16758132     0  
CD010633     0  20408259     0  
CD010633     0  9777480      0  
CD010633     0  21097140     0  
CD010633     0  1431961      0  
CD010633     0  18223126     0  
CD010633     0  17558256     0  
CD010633     0  1945187      0  
CD010633     0  1825359      0  
CD010633     0  17133330     0  
CD010633     0  22366793     0  
CD010633     0  12955214     0  
CD010633     0  10786251     0  
CD010633     0  9043743      0  
CD010633     0  21951956     0  
CD010633     0  21951958     0  
CD010633     0  2812339      0  
CD010633     0  10559570     0  
CD010633     0  10203975     0  
CD010633     0  18641884     0  
CD010633     0  22931754     0  
CD010633     0  15136683     0  
CD010633     0  11748433     0  
CD010633     0  16186529     0  
CD010633     0  8598628      0  
CD010633     0  10616866     0  
CD010633     0  8491848      0  
CD010633     0  15969312     0  
CD010633     0  15172055     0  
CD010633     0  11685496     0  
CD010633     0  10919351     0  
CD010633     0  20198593     0  
CD010633     0  15845094     0  
CD010633     0  23300102     0  
CD010633     0  12563122     0  
CD010633     0  15900096     0  
CD010633     0  8576501      0  
CD010633     0  17157414     0  
CD010633     0  17131421     0  
CD010633     0  7729100      0  
CD010633     0  2998698      0  
CD010633     0  22460325     0  
CD010633     0  15214511     0  
CD010633     0  16996088     0  
CD010633     0  1506442      0  
CD010633     0  18210809     0  
CD010633     0  1571070      0  
CD010633     0  15750828     0  
CD010633     0  17362826     0  
CD010633     0  12088698     0  
CD010633     0  10668700     0  
CD010633     0  8740630      0  
CD010633     0  2594881      0  
CD010633     0  22613760     0  
CD010633     0  23334141     0  
CD010633     0  15011333     0  
CD010633     0  15011337     0  
CD010633     0  7771310      0  
CD010633     0  18214473     0  
CD010633     0  15729440     0  
CD010633     0  9260162      0  
CD010633     0  10363311     0  
CD010633     0  20029055     0  
CD010633     0  2787034      0  
CD010633     0  8319928      0  
CD010633     0  18433968     0  
CD010633     0  17003069     0  
CD010633     0  7872878      0  
CD010633     0  11002731     0  
CD010633     0  22771474     0  
CD010633     0  22649237     0  
CD010633     0  19558951     0  
CD010633     0  7478254      0  
CD010633     0  12640053     0  
CD010633     0  19864909     0  
CD010633     0  7798973      0  
CD010633     0  14558247     0  
CD010633     0  17568630     0  
CD010633     0  9673712      0  
CD010633     0  17117070     0  
CD010633     0  19641246     0  
CD010633     0  19198105     0  
CD010633     0  11577423     0  
CD010633     0  12833885     0  
CD010633     0  12605358     0  
CD010633     0  18974648     0  
CD010633     0  2601097      0  
CD010633     0  2601094      0  
CD010633     0  18802798     0  
CD010633     0  2601098      0  
CD010633     0  1934827      0  
CD010633     0  2608792      0  
CD010633     0  14676466     0  
CD010633     0  14676464     0  
CD010633     0  21671144     0  
CD010633     0  18542960     0  
CD010633     0  16356633     0  
CD010633     0  8190810      0  
CD010633     0  13680454     0  
CD010633     0  15988865     0  
CD010633     0  20548124     0  
CD010633     0  23115214     0  
CD010633     0  7675354      0  
CD010633     0  8068438      0  
CD010633     0  15324365     0  
CD010633     0  3260508      0  
CD010633     0  10553987     0  
CD010633     0  9638957      0  
CD010633     0  17688986     0  
CD010633     0  22494990     0  
CD010633     0  8103130      0  
CD010633     0  1424356      0  
CD010633     0  9785148      0  
CD010633     0  16643314     0  
CD010633     0  9104760      0  
CD010633     0  9219746      0  
CD010633     0  12754337     0  
CD010633     0  1431975      0  
CD010633     0  7718935      0  
CD010633     0  21310726     0  
CD010633     0  1996426      0  
CD010633     0  16180709     0  
CD010633     0  22382657     0  
CD010633     0  9742880      0  
CD010633     0  2792144      0  
CD010633     0  8548649      0  
CD010633     0  7790939      0  
CD010633     0  19553153     0  
CD010633     0  7777543      0  
CD010633     0  10548999     0  
CD010633     0  9781516      0  
CD010633     0  17304479     0  
CD010633     0  10559568     0  
CD010633     0  10559564     0  
CD010633     0  18645736     0  
CD010633     0  17304473     0  
CD010633     0  10723172     0  
CD010633     0  18427076     0  
CD010633     0  16624585     0  
CD010633     0  8975130      0  
CD010633     0  21515087     0  
CD010633     0  9226739      0  
CD010633     0  15375677     0  
CD010633     0  10865093     0  
CD010633     0  19705471     0  
CD010633     0  16856518     0  
CD010633     0  1508299      0  
CD010633     0  17934273     0  
CD010633     0  16190332     0  
CD010633     0  22574684     0  
CD010633     0  8528351      0  
CD010633     0  18760427     0  
CD010633     0  2521055      0  
CD010633     0  1606480      0  
CD010633     0  12706204     0  
CD010633     0  17353866     0  
CD010633     0  22980226     0  
CD010633     0  15738860     0  
CD010633     0  10478741     0  
CD010633     0  2973469      0  
CD010633     0  16880359     0  
CD010633     0  17538391     0  
CD010633     0  9143477      0  
CD010633     0  17308228     0  
CD010633     0  9143472      0  
CD010633     0  10662962     0  
CD010633     0  14579086     0  
CD010633     0  14579087     0  
CD010633     0  3490634      0  
CD010633     0  15765193     0  
CD010633     0  9711365      0  
CD010633     0  12080523     0  
CD010633     0  19920063     0  
CD010633     0  11103407     0  
CD010633     0  23254635     0  
CD010633     0  20122075     0  
CD010633     0  11559315     0  
CD010633     0  8481422      0  
CD010633     0  15254794     0  
CD010633     0  20972667     0  
CD010633     0  18295510     0  
CD010633     0  12480092     0  
CD010633     0  16327347     0  
CD010633     0  17927803     0  
CD010633     0  21590591     0  
CD010633     0  10660231     0  
CD010633     0  18753716     0  
CD010633     0  19235789     0  
CD010633     0  17216644     0  
CD010633     0  14515342     0  
CD010633     0  7817203      0  
CD010633     0  21552550     0  
CD010633     0  9656252      0  
CD010633     0  2036616      0  
CD010633     0  21796351     0  
CD010633     0  10654093     0  
CD010633     0  12088699     0  
CD010633     0  17445833     0  
CD010633     0  7878321      0  
CD010633     0  2532750      0  
CD010633     0  10875107     0  
CD010633     0  8065570      0  
CD010633     0  16122406     0  
CD010633     0  12802006     0  
CD010633     0  8297624      0  
CD010633     0  17030755     0  
CD010633     0  20964987     0  
CD010633     0  10436345     0  
CD010633     0  8890778      0  
CD010633     0  10071106     0  
CD010633     0  10325449     0  
CD010633     0  12111473     0  
CD010633     0  15960171     0  
CD010633     0  22807188     0  
CD010633     0  22710605     0  
CD010633     0  15206434     0  
CD010633     0  2237452      0  
CD010633     0  2237453      0  
CD010633     0  22967747     0  
CD010633     0  10678692     0  
CD010633     0  7834944      0  
CD010633     0  20548139     0  
CD010633     0  2403612      0  
CD010633     0  15806567     0  
CD010633     0  22163275     0  
CD010633     0  22353375     0  
CD010633     0  8263078      0  
CD010633     0  12889165     0  
CD010633     0  2276232      0  
CD010633     0  8263073      0  
CD010633     0  8263071      0  
CD010633     0  20965169     0  
CD010633     0  10352866     0  
CD010633     0  20692493     0  
CD010633     0  21430598     0  
CD010633     0  7987785      0  
CD010633     0  18606218     0  
CD010633     0  19838622     0  
CD010633     0  20846893     0  
CD010633     0  7554681      0  
CD010633     0  16903140     0  
CD010633     0  16838258     0  
CD010633     0  8697677      0  
CD010633     0  3262723      0  
CD010633     0  7625974      0  
CD010633     0  9541298      0  
CD010633     0  11330787     0  
CD010633     0  10637855     0  
CD010633     0  2689037      0  
CD010633     0  9370087      0  
CD010633     0  11173885     0  
CD010633     0  2615027      0  
CD010633     0  12355885     0  
CD010633     0  18229791     0  
CD010633     0  18477845     0  
CD010633     0  19759102     1  
CD010633     0  7623939      0  
CD010633     0  10765046     0  
CD010633     0  15199417     0  
CD010633     0  10647604     0  
CD010633     0  10647605     0  
CD010633     0  21325773     0  
CD010633     0  8750558      0  
CD010633     0  22056602     0  
CD010633     0  20930271     0  
CD010633     0  17056633     0  
CD010633     0  9371912      0  
CD010633     0  9735982      0  
CD010633     0  19280102     0  
CD010633     0  15178934     0  
CD010633     0  11968741     0  
CD010633     0  15178938     0  
CD010633     0  20952104     0  
CD010633     0  19001354     0  
CD010633     0  18592038     0  
CD010633     0  1498808      0  
CD010633     0  10717409     0  
CD010633     0  16390030     0  
CD010633     0  1498807      0  
CD010633     0  15201367     0  
CD010633     0  19330195     0  
CD010633     0  20049829     0  
CD010633     0  17446028     0  
CD010633     0  16581032     0  
CD010633     0  12411761     0  
CD010633     0  17969349     0  
CD010633     0  15925773     0  
CD010633     0  12684997     0  
CD010633     0  12056929     0  
CD010633     0  15896221     0  
CD010633     0  9120420      0  
CD010633     0  16361025     0  
CD010633     0  22416830     0  
CD010633     0  10965365     0  
CD010633     0  12271417     0  
CD010633     0  22641021     0  
CD010633     0  10686471     0  
CD010633     0  10436334     0  
CD010633     0  12092408     0  
CD010633     0  18618663     0  
CD010633     0  10436338     0  
CD010633     0  11252157     0  
CD010633     0  19499384     0  
CD010633     0  8021663      0  
CD010633     0  9469263      0  
CD010633     0  19398134     0  
CD010633     0  22136899     0  
CD010633     0  9384969      0  
CD010633     0  12844524     0  
CD010633     0  20084455     0  
CD010633     0  14598067     0  
CD010633     0  9559960      0  
CD010633     0  2213201      0  
CD010633     0  7699453      0  
CD010633     0  22797130     0  
CD010633     0  8741148      0  
CD010633     0  10463218     0  
CD010633     0  11032624     0  
CD010633     0  17099602     0  
CD010633     0  17556219     0  
CD010633     0  22869920     0  
CD010633     0  22869921     0  
CD010633     0  10026384     0  
CD010633     0  11191929     0  
CD010633     0  1820661      0  
CD010633     0  17367812     0  
CD010633     0  18838108     0  
CD010633     0  16340203     0  
CD010633     0  22787845     0  
CD010633     0  11139988     0  
CD010633     0  2341906      0  
CD010633     0  15210531     0  
CD010633     0  15853870     0  
CD010633     0  8507902      0  
CD010633     0  19148640     0  
CD010633     0  16116584     0  
CD010633     0  22008265     0  
CD010633     0  21386128     0  
CD010633     0  19213202     0  
CD010633     0  1732447      0  
CD010633     0  17875040     0  
CD010633     0  2099873      0  
CD010633     0  18649394     0  
CD010633     0  21729418     0  
CD010633     0  17158559     0  
CD010633     0  1407580      0  
CD010633     0  21879994     0  
CD010633     0  12489916     0  
CD010633     0  17005204     0  
CD010633     0  10835938     0  
CD010633     0  19938680     0  
CD010633     0  19938684     0  
CD010633     0  19182460     0  
CD010633     0  15053341     0  
CD010633     0  11072266     0  
CD010633     0  10614161     0  
CD010633     0  15164576     0  
CD010633     0  11870015     0  
CD010633     0  8233245      0  
CD010633     0  15908747     0  
CD010633     0  15489396     0  
CD010633     0  8707476      0  
CD010633     0  18412838     0  
CD010633     0  12955398     0  
CD010633     0  8371888      0  
CD010633     0  17469688     0  
CD010633     0  17562930     0  
CD010633     0  15232656     0  
CD010633     0  18330212     0  
CD010633     0  15966270     0  
CD010633     0  20061645     0  
CD010633     0  19350708     0  
CD010633     0  19330182     0  
CD010633     0  12414259     0  
CD010633     0  2144981      0  
CD010633     0  23034259     0  
CD010633     0  2120397      0  
CD010633     0  9352545      0  
CD010633     0  18210834     0  
CD010633     0  8411781      0  
CD010633     0  15804924     0  
CD010633     0  8410013      0  
CD010633     0  8158175      0  
CD010633     0  10768169     0  
CD010633     0  10768168     0  
CD010633     0  17786779     0  
CD010633     0  17507882     0  
CD010633     0  22416826     0  
CD010633     0  7669494      0  
CD010633     0  20075101     0  
CD010633     0  15314128     0  
CD010633     0  8127386      0  
CD010633     0  2083546      0  
CD010633     0  19327399     0  
CD010633     0  15654026     0  
CD010633     0  16785801     0  
CD010633     0  9270613      0  
CD010633     0  10439174     0  
CD010633     0  9447427      0  
CD010633     0  17631544     0  
CD010633     0  2019279      0  
CD010633     0  11971046     0  
CD010633     0  10723753     0  
CD010633     0  12796837     0  
CD010633     0  1776524      0  
CD010633     0  1891084      0  
CD010633     0  16010052     0  
CD010633     0  1764860      0  
CD010633     0  8752463      0  
CD010633     0  1640654      0  
CD010633     0  11465929     0  
CD010633     0  2284082      0  
CD010633     0  9597661      0  
CD010633     0  11588638     0  
CD010633     0  9840717      0  
CD010633     0  7803056      0  
CD010633     0  7803054      0  
CD010633     0  22868886     0  
CD010633     0  7620526      0  
CD010633     0  16769939     0  
CD010633     0  3263977      0  
CD010633     0  3263976      0  
CD010633     0  2661883      0  
CD010633     0  1927637      0  
CD010633     0  3263978      0  
CD010633     0  19118323     0  
CD010633     0  19585954     0  
CD010633     0  10377795     0  
CD010633     0  1680671      0  
CD010633     0  19227895     0  
CD010633     0  18445747     0  
CD010633     0  18445745     0  
CD010633     0  12103462     0  
CD010633     0  18445740     0  
CD010633     0  12428367     0  
CD010633     0  20617407     0  
CD010633     0  7606283      0  
CD010633     0  17585595     0  
CD010633     0  17585592     0  
CD010633     0  19681169     0  
CD010633     0  10482382     0  
CD010633     0  19441130     0  
CD010633     0  10821439     0  
CD010633     0  19582652     0  
CD010633     0  10201284     0  
CD010633     0  16705474     0  
CD010633     0  18616086     0  
CD010633     0  20562743     0  
CD010633     0  19471923     0  
CD010633     0  21418722     0  
CD010633     0  10528871     0  
CD010633     0  21111419     0  
CD010633     0  8708683      0  
CD010633     0  11039460     0  
CD010633     0  16400422     0  
CD010633     0  11598311     0  
CD010633     0  16948293     0  
CD010633     0  20448431     0  
CD010633     0  9858308      0  
CD010633     0  1643871      0  
CD010633     0  8256556      0  
CD010633     0  2327836      0  
CD010633     0  19129547     0  
CD010633     0  8578941      0  
CD010633     0  16179666     0  
CD010633     0  12134674     0  
CD010633     0  2395011      0  
CD010633     0  19705622     0  
CD010633     0  2787220      0  
CD010633     0  15129697     0  
CD010633     0  12868068     0  
CD010633     0  19675861     0  
CD010633     0  3261331      0  
CD010633     0  3265101      0  
CD010633     0  9014457      0  
CD010633     0  15649484     0  
CD010633     0  21376652     0  
CD010633     0  10940758     0  
CD010633     0  1467580      0  
CD010633     0  17226740     0  
CD010633     0  1956993      0  
CD010633     0  8264906      0  
CD010633     0  1955897      0  
CD010633     0  11104528     0  
CD010633     0  7626837      0  
CD010633     0  15568482     0  
CD010633     0  17574750     0  
CD010633     0  15717342     0  
CD010633     0  7498872      0  
CD010633     0  16528976     0  
CD010633     0  9501586      0  
CD010633     0  8994103      0  
CD010633     0  19965851     0  
CD010633     0  1914338      0  
CD010633     0  8293601      0  
CD010633     0  16035122     0  
CD010633     0  22090514     0  
CD010633     0  9916400      0  
CD010633     0  15528096     0  
CD010633     0  15980631     0  
CD010633     0  1491839      0  
CD010633     0  22495081     0  
CD010633     0  17990057     0  
CD010633     0  8771594      0  
CD010633     0  16774663     0  
CD010633     0  7552947      0  
CD010633     0  8740989      0  
CD010633     0  16774664     0  
CD010633     0  14639666     0  
CD010633     0  7969959      0  
CD010633     0  20927562     0  
CD010633     0  17145197     0  
CD010633     0  20359778     0  
CD010633     0  20050899     0  
CD010633     0  19137294     0  
CD010633     0  20002758     0  
CD010633     0  10068803     0  
CD010633     0  9749569      0  
CD010633     0  15259399     0  
CD010633     0  20555146     0  
CD010633     0  15319273     0  
CD010633     0  11402144     0  
CD010633     0  7936057      0  
CD010633     0  20555149     0  
CD010633     0  11402143     0  
CD010633     0  8800620      0  
CD010633     0  12480442     0  
CD010633     0  2058505      0  
CD010633     0  11588627     0  
CD010633     0  10448800     0  
CD010633     0  21716018     0  
CD010633     0  10772123     0  
CD010633     0  2608750      0  
CD010633     0  1938155      0  
CD010633     0  15166883     0  
CD010633     0  10025830     0  
CD010633     0  22901967     0  
CD010633     0  18797258     0  
CD010633     0  9796365      0  
CD010633     0  11939938     0  
CD010633     0  12297267     0  
CD010633     0  19940270     0  
CD010633     0  18841010     0  
CD010633     0  9196477      0  
CD010633     0  1870274      0  
CD010633     0  1789907      0  
CD010633     0  15148751     0  
CD010633     0  8981295      0  
CD010633     0  16513606     0  
CD010633     0  21440696     0  
CD010633     0  16788863     0  
CD010633     0  18830576     0  
CD010633     0  19131852     0  
CD010633     0  8766453      0  
CD010633     0  16138284     0  
CD010633     0  19151903     0  
CD010633     0  8745625      0  
CD010633     0  8745627      0  
CD010633     0  10404521     0  
CD010633     0  16227950     0  
CD010633     0  12590373     0  
CD010633     0  16697429     0  
CD010633     0  7671977      0  
CD010633     0  15122920     0  
CD010633     0  15324720     0  
CD010633     0  20946703     0  
CD010633     0  16999337     0  
CD010633     0  20562756     0  
CD010633     0  11976799     0  
CD010633     0  12876145     0  
CD010633     0  16873180     0  
CD010633     0  15964748     0  
CD010633     0  18991499     0  
CD010633     0  2245303      0  
CD010633     0  17656192     0  
CD010633     0  10430439     0  
CD010633     0  8894190      0  
CD010633     0  19866390     0  
CD010633     0  11598308     0  
CD010633     0  12714800     0  
CD010633     0  22245218     0  
CD010633     0  15722899     0  
CD010633     0  16599280     0  
CD010633     0  1834385      0  
CD010633     0  15722897     0  
CD010633     0  19477227     0  
CD010633     0  12451207     0  
CD010633     0  16374823     0  
CD010633     0  12686411     0  
CD010633     0  17220817     0  
CD010633     0  18631733     0  
CD010633     0  21160432     0  
CD010633     0  10510805     0  
CD010633     0  16043457     0  
CD010633     0  10426146     0  
CD010633     0  11198502     0  
CD010633     0  8509780      0  
CD010633     0  22644539     0  
CD010633     0  11244210     0  
CD010633     0  11244217     0  
CD010633     0  8075906      0  
CD010633     0  8075905      0  
CD010633     0  3819832      0  
CD010633     0  19348176     0  
CD010633     0  14762593     0  
CD010633     0  16082159     0  
CD010633     0  15760620     0  
CD010633     0  9856190      0  
CD010633     0  15538967     0  
CD010633     0  14531044     0  
CD010633     0  16959499     0  
CD010633     0  15802915     0  
CD010633     0  22941841     0  
CD010633     0  10695031     0  
CD010633     0  18210850     0  
CD010633     0  17408808     0  
CD010633     0  18691446     0  
CD010633     0  1342662      0  
CD010633     0  19166452     0  
CD010633     0  22703622     0  
CD010633     0  12624590     0  
CD010633     0  14523098     0  
CD010633     0  22106763     0  
CD010633     0  14502661     0  
CD010633     0  12013926     0  
CD010633     0  9895152      0  
CD010633     0  9613718      0  
CD010633     0  9774820      0  
CD010633     0  2608815      0  
CD010633     0  2608816      0  
CD010633     0  2608817      0  
CD010633     0  10818497     0  
CD010633     0  8994482      0  
CD010633     0  14503353     0  
CD010633     0  7828614      0  
CD010633     0  7828613      0  
CD010633     0  16405264     0  
CD010633     0  9189144      0  
CD010633     0  10391967     0  
CD010633     0  10390781     0  
CD010633     0  9447435      0  
CD010633     0  23402204     0  
CD010633     0  11284990     0  
CD010633     0  16768957     0  
CD010633     0  9516072      0  
CD010633     0  8315893      0  
CD010633     0  8821506      0  
CD010633     0  8921531      0  
CD010633     0  9447442      0  
CD010633     0  17952007     0  
CD010633     0  9447445      0  
CD010633     0  7578283      0  
CD010633     0  1919732      0  
CD010633     0  7659391      0  
CD010633     0  17664410     0  
CD010633     0  22922592     0  
CD010633     0  15936044     0  
CD010633     0  7847164      0  
CD010633     0  19318265     0  
CD010633     0  11438640     0  
CD010633     0  8082664      0  
CD010633     0  23018627     0  
CD010633     0  2785588      0  
CD010633     0  18327742     0  
CD010633     0  15049170     0  
CD010633     0  18370334     0  
CD010633     0  21962800     0  
CD010633     0  12917125     0  
CD010633     0  2346388      0  
CD010633     0  16041289     0  
CD010633     0  2008215      0  
CD010633     0  2303829      0  
CD010633     0  2303828      0  
CD010633     0  22817828     0  
CD010633     0  17296554     0  
CD010633     0  22849990     0  
CD010633     0  3499484      0  
CD010633     0  17479522     0  
CD010633     0  16986115     0  
CD010633     0  23406746     0  
CD010633     0  8257465      0  
CD010633     0  7906947      0  
CD010633     0  11462291     0  
CD010633     0  17922728     0  
CD010633     0  10481106     0  
CD010633     0  17544447     0  
CD010633     0  7933720      0  
CD010633     0  12946088     0  
CD010633     0  16505304     0  
CD010633     0  9629553      0  
CD010633     0  20846908     0  
CD010633     0  22773150     0  
CD010633     0  10719444     0  
CD010633     0  15592140     0  
CD010633     0  20602729     0  
CD010633     0  19877236     1  
CD010633     0  22009380     0  
CD010633     0  19006193     0  
CD010633     0  9728730      0  
CD010633     0  22714610     0  
CD010633     0  16293914     0  
CD010633     0  8078635      0  
CD010633     0  12458405     0  
CD010633     0  8803445      0  
CD010633     0  11403184     0  
CD010633     0  21729421     0  
CD010633     0  18752700     0  
CD010633     0  3265766      0  
CD010633     0  12958153     0  
CD010633     0  12491148     0  
CD010633     0  11133791     0  
CD010633     0  17299017     0  
CD010633     0  17134017     0  
CD010633     0  16548090     0  
CD010633     0  8491227      0  
CD010633     0  18515002     0  
CD010633     0  9594549      0  
CD010633     0  12733681     0  
CD010633     0  1996428      0  
CD010633     0  3494754      0  
CD010633     0  12932111     0  
CD010633     0  8071690      0  
CD010633     0  19276787     0  
CD010633     0  17697413     0  
CD010633     0  8044031      0  
CD010633     0  15099023     0  
CD010633     0  2836158      0  
CD010633     0  22553499     0  
CD010633     0  7884512      0  
CD010633     0  8857162      0  
CD010633     0  10714889     0  
CD010633     0  12080488     0  
CD010633     0  12607227     0  
CD010633     0  19711116     0  
CD010633     0  18506194     0  
CD010633     0  12603253     0  
CD010633     0  12603252     0  
CD010633     0  17611066     0  
CD010633     0  9249619      0  
CD010633     0  3332036      0  
CD010633     0  21342781     0  
CD010633     0  10071109     0  
CD010633     0  17575429     0  
CD010633     0  2179737      0  
CD010633     0  20351351     0  
CD010633     0  18410280     0  
CD010633     0  19324376     0  
CD010633     0  23210167     0  
CD010633     0  1781964      0  
CD010633     0  22735249     0  
CD010633     0  8337373      0  
CD010633     0  15717021     0  
CD010633     0  17969308     0  
CD010633     0  18756357     0  
CD010633     0  16237680     0  
CD010633     0  22354229     0  
CD010633     0  7823074      0  
CD010633     0  16325958     0  
CD010633     0  16092099     0  
CD010633     0  8994127      0  
CD010633     0  10210209     0  
CD010633     0  20960930     0  
CD010633     0  19690415     0  
CD010633     0  10846677     0  
CD010633     0  7728214      0  
CD010633     0  7522145      0  
CD010633     0  1485523      0  
CD010633     0  12672538     0  
CD010633     0  19575281     0  
CD010633     0  10210919     0  
CD010633     0  15118553     0  
CD010633     0  11332190     0  
CD010633     0  17555915     0  
CD010633     0  12752394     0  
CD010633     0  9051035      0  
CD010633     0  16096578     0  
CD010633     0  9444495      0  
CD010633     0  1468075      0  
CD010633     0  16352310     0  
CD010633     0  10452310     0  
CD010633     0  16210222     0  
CD010633     0  19205835     0  
CD010633     0  16210224     0  
CD010633     0  7630742      0  
CD010633     0  9345586      0  
CD010633     0  7924055      0  
CD010633     0  15380113     0  
CD010633     0  21408191     0  
CD010633     0  9301261      0  
CD010633     0  20094022     0  
CD010633     0  8845698      0  
CD010633     0  17000465     0  
CD010633     0  18207114     0  
CD010633     0  17486648     0  
CD010633     0  17028562     0  
CD010633     0  21278615     0  
CD010633     0  1536267      0  
CD010633     0  8622264      0  
CD010633     0  3263980      0  
CD010633     0  14579478     0  
CD010633     0  14975428     0  
CD010633     0  19066428     0  
CD010633     0  9745353      0  
CD010633     0  12397463     0  
CD010633     0  9850913      0  
CD010633     0  16986699     0  
CD010633     0  18021379     0  
CD010633     0  22177721     0  
CD010633     0  21987568     0  
CD010633     0  9100154      0  
CD010633     0  20440289     0  
CD010633     0  8141022      0  
CD010633     0  15164821     0  
CD010633     0  15164820     0  
CD010633     0  15362248     0  
CD010633     0  16040356     0  
CD010633     0  18855165     0  
CD010633     0  8937195      0  
CD010633     0  15492484     0  
CD010633     0  1349930      0  
CD010633     0  11801698     0  
CD010633     0  8579805      0  
CD010633     0  20146690     0  
CD010633     0  23161999     0  
CD010633     0  15301995     0  
CD010633     0  11929568     0  
CD010633     0  9008513      0  
CD010633     0  17362445     0  
CD010633     0  16340391     0  
CD010633     0  16223702     0  
CD010633     0  17239043     0  
CD010633     0  14581673     0  
CD010633     0  8039099      0  
CD010633     0  21484863     0  
CD010633     0  18633132     0  
CD010633     0  20066394     0  
CD010633     0  10851363     0  
CD010633     0  1795437      0  
CD010633     0  22885599     0  
CD010633     0  11231037     0  
CD010633     0  15975069     0  
CD010633     0  3258902      0  
CD010633     0  8327331      0  
CD010633     0  10688104     0  
CD010633     0  8506015      0  
CD010633     0  11998736     0  
CD010633     0  12215920     0  
CD010633     0  19179793     0  
CD010633     0  11780155     0  
CD010633     0  22205206     0  
CD010633     0  16252889     0  
CD010633     0  11922212     0  
CD010633     0  16525077     0  
CD010633     0  10637936     0  
CD010633     0  8050774      0  
CD010633     0  18437636     0  
CD010633     0  10866105     0  
CD010633     0  8720331      0  
CD010633     0  17767812     0  
CD010633     0  23402681     0  
CD010633     0  1289914      0  
CD010633     0  16243425     0  
CD010633     0  10203971     0  
CD010633     0  20685363     0  
CD010633     0  20832974     0  
CD010633     0  3496733      0  
CD010633     0  10892306     0  
CD010633     0  9225799      0  
CD010633     0  19057277     0  
CD010633     0  9225797      0  
CD010633     0  8298827      0  
CD010633     0  22645275     0  
CD010633     0  10645327     0  
CD010633     0  1578230      0  
CD010633     0  11390549     0  
CD010633     0  22038765     0  
CD010633     0  2530079      0  
CD010633     0  3493756      0  
CD010633     0  11182469     0  
CD010633     0  8787100      0  
CD010633     0  21995845     0  
CD010633     0  9342105      0  
CD010633     0  18437639     0  
CD010633     0  21694448     0  
CD010633     0  22961551     0  
CD010633     0  2252452      0  
CD010633     0  23195421     0  
CD010633     0  10407844     0  
CD010633     0  8107986      0  
CD010633     0  7550598      0  
CD010633     0  22354157     0  
CD010633     0  8752524      0  
CD010633     0  10609687     0  
CD010633     0  7835102      0  
CD010633     0  15073255     0  
CD010633     0  10969905     0  
CD010633     0  17007476     0  
CD010633     0  18042240     0  
CD010633     0  2259243      0  
CD010633     0  21896306     0  
CD010633     0  21371697     0  
CD010633     0  19854452     0  
CD010633     0  23142262     0  
CD010633     0  18838952     0  
CD010633     0  9384916      0  
CD010633     0  16172735     0  
CD010633     0  8841963      0  
CD010633     0  8841960      0  
CD010633     0  8841965      0  
CD010633     0  12451466     0  
CD010633     0  8082684      0  
CD010633     0  22135130     0  
CD010633     0  10210909     0  
CD010633     0  8174508      0  
CD010633     0  9494332      0  
CD010633     0  16477583     0  
CD010633     0  12691498     0  
CD010633     0  7898792      0  
CD010633     0  10223261     0  
CD010633     0  8394604      0  
CD010633     0  21159056     0  
CD010633     0  7763329      0  
CD010633     0  9724384      0  
CD010633     0  1489640      0  
CD010633     0  9731543      0  
CD010633     0  17628601     0  
CD010633     0  15886744     0  
CD010633     0  9410988      0  
CD010633     0  15033144     0  
CD010633     0  20413829     0  
CD010633     0  20045161     0  
CD010633     0  1498576      0  
CD010633     0  11786735     0  
CD010633     0  7989291      0  
CD010633     0  7989290      0  
CD010633     0  7989292      0  
CD010633     0  18311087     0  
CD010633     0  15952930     0  
CD010633     0  11096220     0  
CD010633     0  11487194     0  
CD010633     0  22733085     0  
CD010633     0  12043417     0  
CD010633     0  20938027     0  
CD010633     0  11375135     0  
CD010633     0  12567332     0  
CD010633     0  19142710     0  
CD010633     0  8753675      0  
CD010633     0  10553590     0  
CD010633     0  16242637     0  
CD010633     0  2272595      0  
CD010633     0  9109881      0  
CD010633     0  8351013      0  
CD010633     0  20215096     0  
CD010633     0  1417421      0  
CD010633     0  7830428      0  
CD010633     0  21779719     0  
CD010633     0  16875340     0  
CD010633     0  21376506     0  
CD010633     0  21975260     0  
CD010633     0  2023461      0  
CD010633     0  8323482      0  
CD010633     0  2291821      0  
CD010633     0  19572947     0  
CD010633     0  12112194     0  
CD010633     0  16538621     0  
CD010633     0  7573586      0  
CD010633     0  21143707     0  
CD010633     0  2317335      0  
CD010633     0  12424962     0  
CD010633     0  8337557      0  
CD010633     0  10698414     0  
CD010633     0  8883712      0  
CD010633     0  15931516     0  
CD010633     0  7597417      0  
CD010633     0  14560061     0  
CD010633     0  18577840     0  
CD010633     0  15040658     0  
CD010633     0  11189899     0  
CD010633     0  22611616     0  
CD010633     0  8334775      0  
CD010633     0  8334774      0  
CD010633     0  7884501      0  
CD010633     0  8555659      0  
CD010633     0  12754653     0  
CD010633     0  16100990     0  
CD010633     0  12823502     0  
CD010633     0  7826713      0  
CD010633     0  20685009     0  
CD010633     0  22895156     0  
CD010633     0  7842596      0  
CD010633     0  21843378     0  
CD010633     0  16092074     0  
CD010633     0  13677801     0  
CD010633     0  14997339     0  
CD010633     0  10412530     0  
CD010633     0  8026123      0  
CD010633     0  8551319      0  
CD010633     0  1638171      0  
CD010633     0  12924492     0  
CD010633     0  19129703     0  
CD010633     0  12880839     0  
CD010633     0  21757840     0  
CD010633     0  12480791     0  
CD010633     0  9869326      0  
CD010633     0  21735318     0  
CD010633     0  16805778     0  
CD010633     0  20360166     0  
CD010633     0  8277596      0  
CD010633     0  21878726     0  
CD010633     0  11166948     0  
CD010633     0  17205862     0  
CD010633     0  21411339     0  
CD010633     0  20145921     0  
CD010633     0  9059759      0  
CD010633     0  22785390     0  
CD010633     0  15359564     0  
CD010633     0  8713508      0  
CD010633     0  12739380     0  
CD010633     0  11585855     0  
CD010633     0  20196488     0  
CD010633     0  12739388     0  
CD010633     0  15702655     0  
CD010633     0  1486017      0  
CD010633     0  9443754      0  
CD010633     0  17542791     0  
CD010633     0  23209065     0  
CD010633     0  11304085     0  
CD010633     0  17251522     0  
CD010633     0  15829632     0  
CD010633     0  17460535     0  
CD010633     0  8123306      0  
CD010633     0  20061230     0  
CD010633     0  18572195     0  
CD010633     0  1628430      0  
CD010633     0  20616568     0  
CD010633     0  20934811     0  
CD010633     0  1743499      0  
CD010633     0  19377859     0  
CD010633     0  11002481     0  
CD010633     0  16634136     0  
CD010633     0  15052786     0  
CD010633     0  10404982     0  
CD010633     0  10404983     0  
CD010633     0  16264357     0  
CD010633     0  11294935     0  
CD010633     0  11309451     0  
CD010633     0  8667666      0  
CD010633     0  10506862     0  
CD010633     0  12296553     0  
CD010633     0  15313522     0  
CD010633     0  2032432      0  
CD010633     0  1931259      0  
CD010633     0  10370901     0  
CD010633     0  1869966      0  
CD010633     0  18590798     0  
CD010633     0  22169201     0  
CD010633     0  10466669     0  
CD010633     0  17221818     0  
CD010633     0  21762928     0  
CD010633     0  22166451     0  
CD010633     0  21555888     0  
CD010633     0  1495679      0  
CD010633     0  10476310     0  
CD010633     0  2701778      0  
CD010633     0  16328506     0  
CD010633     0  16328504     0  
CD010633     0  11433770     0  
CD010633     0  18176077     0  
CD010633     0  12034784     0  
CD010633     0  16824650     0  
CD010633     0  20861634     0  
CD010633     0  12476580     0  
CD010633     0  15098340     0  
CD010633     0  8777802      0  
CD010633     0  17294671     0  
CD010633     0  9329703      0  
CD010633     0  8030401      0  
CD010633     0  11337551     0  
CD010633     0  7480442      0  
CD010633     0  22460159     0  
CD010633     0  19049564     0  
CD010633     0  9682940      0  
CD010633     0  8005154      0  
CD010633     0  11594927     0  
CD010633     0  16408518     0  
CD010633     0  1962057      0  
CD010633     0  12882651     0  
CD010633     0  12905098     0  
CD010633     0  11715838     0  
CD010633     0  17695280     0  
CD010633     0  12410062     0  
CD010633     0  3502292      0  
CD010633     0  17077051     0  
CD010633     0  15462371     0  
CD010633     0  11091111     0  
CD010633     0  17349943     0  
CD010633     0  22095040     0  
CD010633     0  23037962     0  
CD010633     0  12574950     0  
CD010633     0  20856190     0  
CD010633     0  8482030      0  
CD010633     0  21666376     0  
CD010633     0  2980527      0  
CD010633     0  19269714     0  
CD010633     0  11078011     0  
CD010633     0  9700660      0  
CD010633     0  9376962      0  
CD010633     0  10867784     0  
CD010633     0  10854006     0  
CD010633     0  8167055      0  
CD010633     0  11283218     0  
CD010633     0  8419719      0  
CD010633     0  1459978      0  
CD010633     0  1831668      0  
CD010633     0  12485516     0  
CD010633     0  18938766     0  
CD010633     0  15623735     0  
CD010633     0  17873141     0  
CD010633     0  22188660     0  
CD010633     0  16172732     0  
CD010633     0  9112592      0  
CD010633     0  23026363     0  
CD010633     0  9286633      0  
CD010633     0  18836267     0  
CD010633     0  19481429     0  
CD010633     0  15832032     0  
CD010633     0  15832030     0  
CD010633     0  1479398      0  
CD010633     0  18031760     0  
CD010633     0  9528031      0  
CD010633     0  12679392     0  
CD010633     0  8038869      0  
CD010633     0  10593700     0  
CD010633     0  19138468     0  
CD010633     0  17030534     0  
CD010633     0  21462266     0  
CD010633     0  14755719     0  
CD010633     0  2035940      0  
CD010633     0  3492011      0  
CD010633     0  7838445      0  
CD010633     0  8401781      0  
CD010633     0  12673603     0  
CD010633     0  14561797     0  
CD010633     0  16205876     0  
CD010633     0  22915704     0  
CD010633     0  11513104     0  
CD010633     0  12140101     0  
CD010633     0  2234697      0  
CD010633     0  18048105     0  
CD010633     0  2789844      0  
CD010633     0  11416945     0  
CD010633     0  23196944     0  
CD010633     0  22166447     0  
CD010633     0  1808497      0  
CD010633     0  8334579      0  
CD010633     0  7750079      0  
CD010633     0  9476939      0  
CD010633     0  15729885     0  
CD010633     0  17869272     0  
CD010633     0  9804125      0  
CD010633     0  9421999      0  
CD010633     0  3258512      0  
CD010633     0  2662071      0  
CD010633     0  20798538     0  
CD010633     0  8858185      0  
CD010633     0  7659917      0  
CD010633     0  16639610     0  
CD010633     0  22042522     0  
CD010633     0  21721045     0  
CD010633     0  19325033     0  
CD010633     0  12540758     0  
CD010633     0  15851069     0  
CD010633     0  3501800      0  
CD010633     0  3501801      0  
CD010633     0  18941948     0  
CD010633     0  12955099     0  
CD010633     0  2284372      0  
CD010633     0  8845700      0  
CD010633     0  10459793     0  
CD010633     0  20525466     0  
CD010633     0  8929178      0  
CD010633     0  10940680     0  
CD010633     0  12697623     0  
CD010633     0  15728285     0  
CD010633     0  1559658      0  
CD010633     0  11245717     0  
CD010633     0  10803810     0  
CD010633     0  8648326      0  
CD010633     0  19142839     0  
CD010633     0  15754090     0  
CD010633     0  22057225     0  
CD010633     0  16082076     0  
CD010633     0  17900799     0  
CD010633     0  8951828      0  
CD010633     0  18349797     0  
CD010633     0  8610304      0  
CD010633     0  11398344     0  
CD010633     0  20472978     0  
CD010633     0  1361744      0  
CD010633     0  21154313     0  
CD010633     0  8270594      0  
CD010633     0  2075086      0  
CD010633     0  21881402     0  
CD010633     0  17088679     0  
CD010633     0  10771562     0  
CD010633     0  10818514     0  
CD010633     0  2266407      0  
CD010633     0  2799210      0  
CD010633     0  3021677      0  
CD010633     0  9545682      0  
CD010633     0  9527139      0  
CD010633     0  23399676     0  
CD010633     0  19863263     0  
CD010633     0  23382946     0  
CD010633     0  1786668      0  
CD010633     0  10607969     0  
CD010633     0  8705881      0  
CD010633     0  22989905     0  
CD010633     0  16482919     0  
CD010633     0  10705939     0  
CD010633     0  15585477     0  
CD010633     0  8421735      0  
CD010633     0  20058228     0  
CD010633     0  10066852     0  
CD010633     0  16880360     0  
CD010633     0  7594158      0  
CD010633     0  1549216      0  
CD010633     0  12784032     0  
CD010633     0  8095556      0  
CD010633     0  19070491     0  
CD010633     0  19765180     0  
CD010633     0  8191980      0  
CD010633     0  12135968     0  
CD010633     0  11889831     0  
CD010633     0  21454094     0  
CD010633     0  19198144     0  
CD010633     0  16435412     0  
CD010633     0  9341577      0  
CD010633     0  1991619      0  
CD010633     0  18195271     0  
CD010633     0  8966268      0  
CD010633     0  9343120      0  
CD010633     0  15592735     0  
CD010633     0  8730668      0  
CD010633     0  17022798     0  
CD010633     0  16023534     0  
CD010633     0  12220689     0  
CD010633     0  20229798     0  
CD010633     0  9408100      0  
CD010633     0  8420174      0  
CD010633     0  2083138      0  
CD010633     0  8905776      0  
CD010633     0  21483157     0  
CD010633     0  8797529      0  
CD010633     0  8656584      0  
CD010633     0  7805320      0  
CD010633     0  1993017      0  
CD010633     0  16278884     0  
CD010633     0  19124140     0  
CD010633     0  20694486     0  
CD010633     0  9802497      0  
CD010633     0  16248849     0  
CD010633     0  19213035     0  
CD010633     0  16107353     0  
CD010633     0  17968545     0  
CD010633     0  17477302     0  
CD010633     0  3260013      0  
CD010633     0  11929581     0  
CD010633     0  21375379     0  
CD010633     0  15312279     0  
CD010633     0  10997480     0  
CD010633     0  1342021      0  
CD010633     0  20681265     0  
CD010633     0  16355355     0  
CD010633     0  15215218     0  
CD010633     0  12846547     0  
CD010633     0  20356854     0  
CD010633     0  15545324     0  
CD010633     0  3488336      0  
CD010633     0  12584413     0  
CD010633     0  9798081      0  
CD010633     0  15101187     0  
CD010633     0  2290211      0  
CD010633     0  8245654      0  
CD010633     0  11808350     0  
CD010633     0  1739606      0  
CD010633     0  16401256     0  
CD010633     0  18021694     0  
CD010633     0  14739542     0  
CD010633     0  12355877     0  
CD010633     0  16225091     0  
CD010633     0  19090317     0  
CD010633     0  8301875      0  
CD010633     0  21810889     0  
CD010633     0  8821493      0  
CD010633     0  17172610     0  
CD010633     0  17534953     0  
CD010633     0  22735052     0  
CD010633     0  8949253      0  
CD010633     0  14571357     0  
CD010633     0  3502360      0  
CD010633     0  9109979      0  
CD010633     0  9447443      0  
CD010633     0  20434638     0  
CD010633     0  10079318     0  
CD010633     0  1527902      0  
CD010633     0  10079314     0  
CD010633     0  9217686      0  
CD010633     0  2783742      0  
CD010633     0  2381074      0  
CD010633     0  8468804      0  
CD010633     0  9566003      0  
CD010633     0  17664050     0  
CD010633     0  8534556      0  
CD010633     0  17877736     0  
CD010633     0  19182480     0  
CD010633     0  8462221      0  
CD010633     0  9987709      0  
CD010633     0  1993008      0  
CD010633     0  10940679     0  
CD010633     0  2538276      0  
CD010633     0  8318176      0  
CD010633     0  8997421      0  
CD010633     0  12092784     0  
CD010633     0  14568499     0  
CD010633     0  10994740     0  
CD010633     0  12833301     0  
CD010633     0  9443760      0  
CD010633     0  16237129     0  
CD010633     0  12553341     0  
CD010633     0  1960540      0  
CD010633     0  1513491      0  
CD010633     0  11181853     0  
CD010633     0  20160457     0  
CD010633     0  22085955     0  
CD010633     0  11495391     0  
CD010633     0  16001409     0  
CD010633     0  17318670     0  
CD010633     0  9581218      0  
CD010633     0  18402076     0  
CD010633     0  18234228     0  
CD010633     0  22186024     0  
CD010633     0  15765320     0  
CD010633     0  2269322      0  
CD010633     0  17135459     0  
CD010633     0  10369094     0  
CD010633     0  8136897      0  
CD010633     0  10404977     0  
CD010633     0  10418816     0  
CD010633     0  8461238      0  
CD010633     0  18204253     0  
CD010633     0  9538911      0  
CD010633     0  14693108     0  
CD010633     0  17353255     1  
CD010633     0  10547980     0  
CD010633     0  1897377      0  
CD010633     0  7847060      0  
CD010633     0  11552010     0  
CD010633     0  16567718     0  
CD010633     0  14991240     0  
CD010633     0  6150361      0  
CD010633     0  11435680     0  
CD010633     0  21220990     0  
CD010633     0  16517512     0  
CD010633     0  22151238     0  
CD010633     0  9658479      0  
CD010633     0  3257439      0  
CD010633     0  20077476     0  
CD010633     0  20369650     0  
CD010633     0  17609907     0  
CD010633     0  1651190      0  
CD010633     0  2294653      0  
CD010633     0  9194952      0  
CD010633     0  2081396      0  
CD010633     0  11432093     0  
CD010633     0  3023564      0  
CD010633     0  19036475     0  
CD010633     0  22460160     0  
CD010633     0  20120350     0  
CD010633     0  2061629      0  
CD010633     0  8397758      0  
CD010633     0  1635620      0  
CD010633     0  1635624      0  
CD010633     0  8624103      0  
CD010633     0  20177696     0  
CD010633     0  1883218      0  
CD010633     0  22902293     0  
CD010633     0  18380693     0  
CD010633     0  7612383      0  
CD010633     0  17330392     0  
CD010633     0  12122169     1  
CD010633     0  12975292     0  
CD010633     0  22034053     0  
CD010633     0  22914831     0  
CD010633     0  17370649     0  
CD010633     0  12422405     0  
CD010633     0  16644047     0  
CD010633     0  8999423      0  
CD010633     0  16191252     0  
CD010633     0  21542022     0  
CD010633     0  3499489      0  
CD010633     0  22447623     0  
CD010633     0  18664857     0  
CD010633     0  7669420      0  
CD010633     0  10645737     0  
CD010633     0  2084833      0  
CD010633     0  10213976     0  
CD010633     0  9633716      0  
CD010633     0  22717776     0  
CD010633     0  21150861     0  
CD010633     0  11748785     0  
CD010633     0  1613571      0  
CD010633     0  1934773      0  
CD010633     0  14673877     0  
CD010633     0  1934777      0  
CD010633     0  11903098     0  
CD010633     0  2810914      0  
CD010633     0  9619079      0  
CD010633     0  16834706     0  
CD010633     0  10206528     0  
CD010633     0  18922294     0  
CD010633     0  23357822     0  
CD010633     0  10970055     0  
CD010633     0  3519903      0  
CD010633     0  7893535      0  
CD010633     0  9190725      0  
CD010633     0  12604293     0  
CD010633     0  12649841     0  
CD010633     0  16636246     0  
CD010633     0  10050895     0  
CD010633     0  10457954     0  
CD010633     0  12053130     0  
CD010633     0  17955237     0  
CD010633     0  17432190     0  
CD010633     0  16026093     0  
CD010633     0  15654671     0  
CD010633     0  23196618     0  
CD010633     0  10920426     0  
CD010633     0  12417387     0  
CD010633     0  12417384     0  
CD010633     0  8011253      0  
CD010633     0  1575456      0  
CD010633     0  12773898     0  
CD010633     0  9029063      0  
CD010633     0  1997491      0  
CD010633     0  12417364     0  
CD010633     0  8819714      0  
CD010633     0  8814717      0  
CD010633     0  11479833     0  
CD010633     0  17493637     0  
CD010633     0  14609583     0  
CD010633     0  21150049     0  
CD010633     0  9065320      0  
CD010633     0  20019219     0  
CD010633     0  21150043     0  
