CD010705     0  24039735     0  
CD010705     0  24046537     0  
CD010705     0  22442316     0  
CD010705     0  18500189     0  
CD010705     0  23159109     1  
CD010705     0  17035488     0  
CD010705     0  19634711     0  
CD010705     0  21562102     1  
CD010705     0  23087027     1  
CD010705     0  17977988     0  
CD010705     0  21602133     0  
CD010705     0  19146757     0  
CD010705     0  21832013     0  
CD010705     0  20852939     0  
CD010705     0  21814495     0  
CD010705     0  19017457     0  
CD010705     0  20368024     0  
CD010705     0  23317962     0  
CD010705     0  18940875     0  
CD010705     0  19386845     1  
CD010705     0  22301019     0  
CD010705     0  18701663     0  
CD010705     0  20487620     0  
CD010705     0  23383320     0  
CD010705     0  18614561     0  
CD010705     0  16081898     0  
CD010705     0  19715569     0  
CD010705     0  19553580     0  
CD010705     0  19494067     0  
CD010705     0  22510913     0  
CD010705     0  16825369     0  
CD010705     0  23166667     1  
CD010705     0  18784319     0  
CD010705     0  22236854     1  
CD010705     0  16825346     0  
CD010705     0  18926042     0  
CD010705     0  19401789     0  
CD010705     0  20335420     1  
CD010705     0  24098523     0  
CD010705     0  23782980     1  
CD010705     0  20525271     0  
CD010705     0  20187922     0  
CD010705     0  22972826     0  
CD010705     0  18829680     0  
CD010705     0  22347495     0  
CD010705     0  21813715     0  
CD010705     0  23638265     0  
CD010705     0  23090928     0  
CD010705     0  22569696     0  
CD010705     0  22698869     1  
CD010705     0  22325147     1  
CD010705     0  22390880     1  
CD010705     0  20573868     1  
CD010705     0  23633684     0  
CD010705     0  17537937     0  
CD010705     0  23146620     0  
CD010705     0  23214120     1  
CD010705     0  22361762     0  
CD010705     0  19409848     0  
CD010705     0  23883707     0  
CD010705     0  23895665     0  
CD010705     0  22829789     0  
CD010705     0  17021094     0  
CD010705     0  22267773     1  
CD010705     0  22037774     0  
CD010705     0  21276306     0  
CD010705     0  22260344     0  
CD010705     0  22740709     0  
CD010705     0  19621606     0  
CD010705     0  21333101     0  
CD010705     0  19520715     0  
CD010705     0  23392466     0  
CD010705     0  22808802     0  
CD010705     0  19457256     0  
CD010705     0  24056651     0  
CD010705     0  20937190     0  
CD010705     0  24197880     0  
CD010705     0  20554815     1  
CD010705     0  21632897     1  
CD010705     0  22515295     0  
CD010705     0  22790204     0  
CD010705     0  23862246     0  
CD010705     0  16455882     0  
CD010705     0  23689727     0  
CD010705     0  22021920     0  
CD010705     0  20881173     0  
CD010705     0  21682972     0  
CD010705     0  16825393     0  
CD010705     0  21449845     0  
CD010705     0  23152552     1  
CD010705     0  21955640     1  
CD010705     0  21922778     0  
CD010705     0  16964801     0  
CD010705     0  23658272     1  
CD010705     0  20504986     0  
CD010705     0  20487550     0  
CD010705     0  24029194     1  
CD010705     0  21653771     0  
CD010705     0  22325117     0  
CD010705     0  23232012     0  
CD010705     0  22075597     1  
CD010705     0  23267627     0  
CD010705     0  22236921     0  
CD010705     0  22086621     0  
CD010705     0  21575302     0  
CD010705     0  23808160     0  
CD010705     0  20550774     0  
CD010705     0  24172155     0  
CD010705     0  23467605     0  
CD010705     0  22378910     1  
CD010705     0  21050678     0  
CD010705     0  24429319     1  
CD010705     0  22238443     0  
CD010705     0  23226229     0  
