CD010542     0  21321842     0  
CD010542     0  22512436     0  
CD010542     0  17585186     0  
CD010542     0  21894287     0  
CD010542     0  18410556     0  
CD010542     0  21971536     0  
CD010542     0  19563503     0  
CD010542     0  17438875     0  
CD010542     0  18221303     0  
CD010542     0  21235598     0  
CD010542     0  21175811     0  
CD010542     0  20458851     0  
CD010542     0  20966469     0  
CD010542     0  21783442     0  
CD010542     0  20002560     0  
CD010542     0  22837289     0  
CD010542     0  22408151     1  
CD010542     0  18030211     0  
CD010542     0  20939109     0  
CD010542     0  19505671     0  
CD010542     0  20361076     0  
CD010542     0  22027584     0  
CD010542     0  21623677     0  
CD010542     0  19940782     0  
CD010542     0  21079513     0  
CD010542     0  19215579     0  
CD010542     0  20198894     0  
CD010542     0  19121647     0  
CD010542     0  17415348     0  
CD010542     0  21146892     0  
CD010542     0  21586228     0  
CD010542     0  22289876     0  
CD010542     0  18397389     1  
CD010542     0  22796373     0  
CD010542     0  18995217     0  
CD010542     0  19804501     0  
CD010542     0  20850886     0  
CD010542     0  18166342     0  
CD010542     0  20331759     0  
CD010542     0  17530363     0  
CD010542     0  16865773     0  
CD010542     0  22173167     1  
CD010542     0  22488634     0  
CD010542     0  16538113     0  
CD010542     0  21399926     0  
CD010542     0  19965159     0  
CD010542     0  20006397     0  
CD010542     0  22138940     0  
CD010542     0  19715940     0  
CD010542     0  16969327     0  
CD010542     0  22617153     0  
CD010542     0  19921111     0  
CD010542     0  18566553     0  
CD010542     0  22333291     0  
CD010542     0  18705692     1  
CD010542     0  22643348     0  
CD010542     0  19175875     0  
CD010542     0  22521355     1  
CD010542     0  18159150     0  
CD010542     0  20222092     0  
CD010542     0  20544947     0  
CD010542     0  20660455     0  
CD010542     0  18987556     0  
CD010542     0  21452541     0  
CD010542     0  18098325     0  
CD010542     0  18973849     0  
CD010542     0  22872942     0  
CD010542     0  20471892     0  
CD010542     0  19789246     0  
CD010542     0  22176964     0  
CD010542     0  20720270     0  
CD010542     0  20491742     0  
CD010542     0  21893271     0  
CD010542     0  19381121     0  
CD010542     0  21062388     0  
CD010542     0  17708599     0  
CD010542     0  21332545     0  
CD010542     0  21822591     0  
CD010542     0  19562623     0  
CD010542     0  22609320     0  
CD010542     0  19376422     0  
CD010542     0  20796156     0  
CD010542     0  22957328     0  
CD010542     0  18544943     0  
CD010542     0  18544945     0  
CD010542     0  18504591     0  
CD010542     0  15690481     0  
CD010542     0  22409854     0  
CD010542     0  19725892     1  
CD010542     0  19104699     0  
CD010542     0  19732322     0  
CD010542     0  20010062     0  
CD010542     0  20306380     0  
CD010542     0  21535322     0  
CD010542     0  18218676     0  
CD010542     0  18395077     0  
CD010542     0  18528937     0  
CD010542     0  19925459     0  
CD010542     0  18930329     1  
CD010542     0  18637064     0  
CD010542     0  19839063     0  
CD010542     0  16886917     1  
CD010542     0  21930442     0  
CD010542     0  17258346     0  
CD010542     0  17030451     0  
CD010542     0  22384189     0  
CD010542     0  20196962     0  
CD010542     0  18563842     0  
CD010542     0  20939112     0  
CD010542     0  20682514     0  
CD010542     0  19072402     0  
CD010542     0  16121354     0  
CD010542     0  20603783     0  
CD010542     0  19524169     0  
CD010542     0  20385422     0  
CD010542     0  22432836     0  
CD010542     0  18673426     0  
CD010542     0  20704691     0  
CD010542     0  22560536     0  
CD010542     0  21179914     0  
CD010542     0  20180445     0  
CD010542     0  20180444     1  
CD010542     0  19030204     0  
CD010542     0  20587855     0  
CD010542     0  22469726     0  
CD010542     0  19718953     0  
CD010542     0  18456573     0  
CD010542     0  16782627     0  
CD010542     0  21678114     0  
CD010542     0  20068346     0  
CD010542     0  19005758     0  
CD010542     0  18675186     0  
CD010542     0  21068129     1  
CD010542     0  20196798     0  
CD010542     0  19887952     1  
CD010542     0  17227522     0  
CD010542     0  19780940     0  
CD010542     0  22609297     0  
CD010542     0  20088890     0  
CD010542     0  16394849     0  
CD010542     0  22698510     0  
CD010542     0  16628644     0  
CD010542     0  19308312     0  
CD010542     0  21198828     0  
CD010542     0  20817625     0  
CD010542     0  22197275     0  
CD010542     0  19017551     0  
CD010542     0  17763808     0  
CD010542     0  21517974     0  
CD010542     0  21907650     0  
CD010542     0  17850410     0  
CD010542     0  22098684     0  
CD010542     0  21655540     0  
CD010542     0  22863270     0  
CD010542     0  21468012     0  
CD010542     0  21781944     0  
CD010542     0  19822238     0  
CD010542     0  19124915     0  
CD010542     0  19236273     0  
CD010542     0  22519948     0  
CD010542     0  18081731     0  
CD010542     0  17916549     0  
CD010542     0  22100369     0  
CD010542     0  22103568     0  
CD010542     0  21751289     0  
CD010542     0  18184025     0  
CD010542     0  20828377     0  
CD010542     0  17291712     0  
CD010542     0  19502649     0  
CD010542     0  19426398     0  
CD010542     0  22912545     0  
CD010542     0  18389904     0  
CD010542     0  21104600     0  
CD010542     0  19019481     0  
CD010542     0  21439919     0  
CD010542     0  19022517     0  
CD010542     0  22848675     0  
CD010542     0  19254351     0  
CD010542     0  20172290     0  
CD010542     0  21987625     0  
CD010542     0  21460032     0  
CD010542     0  18448567     0  
CD010542     0  21182552     0  
CD010542     0  21393486     0  
CD010542     0  20731129     0  
CD010542     0  19013661     0  
CD010542     0  17498249     0  
CD010542     0  21608066     0  
CD010542     0  20455345     0  
CD010542     0  21497746     0  
CD010542     0  19434742     0  
CD010542     0  20206870     0  
CD010542     0  14698338     0  
CD010542     0  20207872     0  
CD010542     0  22257449     0  
CD010542     0  19086958     0  
CD010542     0  22503893     0  
CD010542     0  22140010     0  
CD010542     0  22318821     0  
CD010542     0  18985805     0  
CD010542     0  19874477     0  
CD010542     0  22345333     0  
CD010542     0  21216123     0  
CD010542     0  18691352     1  
CD010542     0  18282151     0  
CD010542     0  19322509     0  
CD010542     0  19124923     0  
CD010542     0  19477552     0  
CD010542     0  19430093     0  
CD010542     0  20471720     0  
CD010542     0  16823833     0  
CD010542     0  21952989     0  
CD010542     0  22271046     0  
CD010542     0  20529989     0  
CD010542     0  21670074     0  
CD010542     0  19709363     0  
CD010542     0  16696812     0  
CD010542     0  18496894     0  
CD010542     0  20515796     0  
CD010542     0  21039302     0  
CD010542     0  21157581     0  
CD010542     0  18524692     0  
CD010542     0  22893866     0  
CD010542     0  20496758     0  
CD010542     0  20932598     0  
CD010542     0  19745758     0  
CD010542     0  22246952     0  
CD010542     0  21911887     0  
CD010542     0  19959511     0  
CD010542     0  22302243     0  
CD010542     0  21447865     0  
CD010542     0  17965633     0  
CD010542     0  22672642     0  
CD010542     0  22733889     0  
CD010542     0  19236541     0  
CD010542     0  21129129     0  
CD010542     0  21680667     0  
CD010542     0  18761707     0  
CD010542     0  19140221     0  
CD010542     0  17239163     0  
CD010542     0  21967341     0  
CD010542     0  19609218     0  
CD010542     0  20969464     0  
CD010542     0  22416182     1  
CD010542     0  19703889     0  
CD010542     0  20713037     0  
CD010542     0  20658587     0  
CD010542     0  19195629     0  
CD010542     0  21376047     0  
CD010542     0  20104185     1  
CD010542     0  21344353     0  
CD010542     0  19610141     1  
CD010542     0  22129438     0  
CD010542     0  20428950     0  
CD010542     0  18253138     0  
CD010542     0  18818788     0  
CD010542     0  18494155     0  
CD010542     0  18081722     0  
CD010542     0  21435119     0  
CD010542     0  21168459     1  
CD010542     0  22864589     0  
CD010542     0  21565752     0  
CD010542     0  21146243     0  
CD010542     0  20492510     0  
CD010542     0  18568136     0  
CD010542     0  20697747     0  
CD010542     0  21157442     0  
CD010542     0  19578234     0  
CD010542     0  22671952     0  
CD010542     0  22700624     0  
CD010542     0  18083083     0  
CD010542     0  18334275     0  
CD010542     0  21165451     0  
CD010542     0  20001156     0  
CD010542     0  21779759     1  
CD010542     0  21256907     0  
CD010542     0  17828808     0  
CD010542     0  21273523     0  
CD010542     0  17014063     0  
CD010542     0  17255218     1  
CD010542     0  19920809     0  
CD010542     0  21517924     0  
CD010542     0  19337635     0  
CD010542     0  16314817     0  
CD010542     0  18080057     0  
CD010542     0  20844365     0  
CD010542     0  22239521     0  
CD010542     0  21799814     0  
CD010542     0  22173152     0  
CD010542     0  20561029     0  
CD010542     0  20807336     0  
CD010542     0  19291784     0  
CD010542     0  20617863     0  
CD010542     0  19399815     0  
CD010542     0  15685546     0  
CD010542     0  22404722     0  
CD010542     0  22138553     0  
CD010542     0  22699260     0  
CD010542     0  19874490     0  
CD010542     0  20037265     0  
CD010542     0  19482565     0  
CD010542     0  20135110     0  
CD010542     0  20171943     0  
CD010542     0  22414330     0  
CD010542     0  19138576     0  
CD010542     0  19457152     0  
CD010542     0  19457153     0  
CD010542     0  21033238     0  
CD010542     0  21039833     0  
CD010542     0  22261353     0  
CD010542     0  21898479     0  
CD010542     0  21071307     0  
CD010542     0  17503318     0  
CD010542     0  22278746     0  
CD010542     0  21661428     0  
CD010542     0  21205132     0  
CD010542     0  18471441     0  
CD010542     0  22370225     0  
CD010542     0  22788929     0  
CD010542     0  19519733     0  
CD010542     0  20101745     0  
CD010542     0  19938190     0  
CD010542     0  21254180     0  
CD010542     0  22537436     0  
CD010542     0  22233410     0  
CD010542     0  19446446     0  
CD010542     0  22536445     0  
CD010542     0  22239518     1  
CD010542     0  18615357     0  
CD010542     0  18832522     0  
CD010542     0  20167986     0  
CD010542     0  21846782     0  
CD010542     0  18672413     0  
CD010542     0  17203518     0  
CD010542     0  21299910     0  
CD010542     0  19478678     0  
CD010542     0  18192914     0  
CD010542     0  19346784     1  
CD010542     0  22103765     0  
CD010542     0  22574212     0  
CD010542     0  18807134     0  
CD010542     0  22497527     0  
CD010542     0  21631559     0  
CD010542     0  22733854     0  
CD010542     0  21040236     0  
CD010542     0  18956295     0  
CD010542     0  21898504     0  
CD010542     0  19856447     0  
