CD011134     0  23132294     0  
CD011134     0  21901559     0  
CD011134     0  17992052     0  
CD011134     0  16864976     0  
CD011134     0  15627885     1  
CD011134     0  8146525      1  
CD011134     0  7863220      0  
CD011134     0  2437641      0  
CD011134     0  24451945     0  
CD011134     0  24430319     1  
CD011134     0  24423964     0  
CD011134     0  24286594     0  
CD011134     0  24195503     0  
CD011134     0  24393990     0  
CD011134     0  24393859     0  
CD011134     0  24370171     0  
CD011134     0  24335376     0  
CD011134     0  24331320     0  
CD011134     0  24298571     0  
CD011134     0  24231712     0  
CD011134     0  24222151     0  
CD011134     0  24220554     0  
CD011134     0  24217184     0  
CD011134     0  24215576     0  
CD011134     0  24133632     0  
CD011134     0  24106900     0  
CD011134     0  24104864     0  
CD011134     0  24080198     0  
CD011134     0  24078664     0  
CD011134     0  24074411     0  
CD011134     0  23993799     1  
CD011134     0  23943283     0  
CD011134     0  23933926     0  
CD011134     0  23895128     0  
CD011134     0  23894654     0  
CD011134     0  23889952     0  
CD011134     0  23888604     0  
CD011134     0  23880003     0  
CD011134     0  23863744     0  
CD011134     0  23830776     0  
CD011134     0  23818348     0  
CD011134     0  23782400     0  
CD011134     0  23765330     0  
CD011134     0  23760586     0  
CD011134     0  23754582     0  
CD011134     0  23739192     0  
CD011134     0  23736888     0  
CD011134     0  23721930     0  
CD011134     0  23713869     1  
CD011134     0  23711333     1  
CD011134     0  23709099     0  
CD011134     0  23696405     0  
CD011134     0  23692875     0  
CD011134     0  23681672     0  
CD011134     0  23665971     0  
CD011134     0  23657083     0  
CD011134     0  23645779     0  
CD011134     0  23642239     0  
CD011134     0  23636294     0  
CD011134     0  23613338     0  
CD011134     0  23560382     0  
CD011134     0  23557862     0  
CD011134     0  23551939     0  
CD011134     0  23549007     0  
CD011134     0  23549003     0  
CD011134     0  23534751     0  
CD011134     0  23526807     0  
CD011134     0  23482769     0  
CD011134     0  23478609     0  
CD011134     0  23460452     0  
CD011134     0  23422758     0  
CD011134     0  23420146     0  
CD011134     0  23364914     0  
CD011134     0  23340231     0  
CD011134     0  23321120     0  
CD011134     0  23296402     0  
CD011134     0  23252563     0  
CD011134     0  23225807     0  
CD011134     0  23222281     0  
CD011134     0  23208008     0  
CD011134     0  23196787     0  
CD011134     0  23184361     0  
CD011134     0  23153862     0  
CD011134     0  23053680     0  
CD011134     0  23047645     0  
CD011134     0  23040007     0  
CD011134     0  23010737     0  
CD011134     0  23001087     0  
CD011134     0  22975528     0  
CD011134     0  22961433     0  
CD011134     0  22952157     0  
CD011134     0  22948771     1  
CD011134     0  22926658     0  
CD011134     0  22885838     0  
CD011134     0  22584792     0  
CD011134     0  22566374     0  
CD011134     0  22216763     0  
CD011134     0  22664562     0  
CD011134     0  9767880      0  
CD011134     0  20937118     0  
CD011134     0  10228469     0  
CD011134     0  23390833     0  
CD011134     0  23268013     0  
CD011134     0  23267933     0  
CD011134     0  23181004     0  
CD011134     0  23174599     0  
CD011134     0  23163845     0  
CD011134     0  23144155     0  
CD011134     0  23135579     0  
CD011134     0  23075717     0  
CD011134     0  23067526     1  
CD011134     0  23037201     0  
CD011134     0  23020269     0  
CD011134     0  22989147     0  
CD011134     0  22986141     0  
CD011134     0  22974092     0  
CD011134     0  22911546     0  
CD011134     0  22901720     0  
CD011134     0  22896853     0  
CD011134     0  22858794     0  
CD011134     0  22842225     1  
CD011134     0  22763827     0  
CD011134     0  22744330     0  
CD011134     0  22740208     0  
CD011134     0  22727694     0  
CD011134     0  22721598     0  
CD011134     0  22703761     0  
CD011134     0  22699826     0  
CD011134     0  22691530     0  
CD011134     0  22683070     0  
CD011134     0  22644713     0  
CD011134     0  22644560     1  
CD011134     0  22629546     0  
CD011134     0  22593474     0  
CD011134     0  22593440     0  
CD011134     0  22574549     0  
CD011134     0  22563201     1  
CD011134     0  22552946     1  
CD011134     0  22525856     0  
CD011134     0  22504703     0  
CD011134     0  22481066     0  
CD011134     0  22480117     1  
CD011134     0  22460570     0  
CD011134     0  22442906     1  
CD011134     0  22426271     0  
CD011134     0  22395986     0  
CD011134     0  22390356     0  
CD011134     0  22371087     0  
CD011134     0  22367859     0  
CD011134     0  22333652     0  
CD011134     0  22328299     0  
CD011134     0  22327251     0  
CD011134     0  22311447     0  
CD011134     0  22300562     0  
CD011134     0  22286543     0  
CD011134     0  22277350     0  
CD011134     0  22258756     0  
CD011134     0  22207629     0  
CD011134     0  22159472     0  
CD011134     0  22133576     0  
CD011134     0  22125166     0  
CD011134     0  22076611     0  
CD011134     0  22024225     0  
CD011134     0  22006099     0  
CD011134     0  21935746     0  
CD011134     0  21913018     0  
CD011134     0  21837680     0  
CD011134     0  21751045     0  
CD011134     0  21710327     0  
CD011134     0  21618511     0  
CD011134     0  21553105     0  
CD011134     0  21057973     0  
CD011134     0  22715592     0  
CD011134     0  22397278     0  
CD011134     0  22322837     0  
CD011134     0  22322834     0  
CD011134     0  22238958     0  
CD011134     0  22202433     0  
CD011134     0  22202361     0  
CD011134     0  22202343     0  
CD011134     0  22166547     1  
CD011134     0  22128307     0  
CD011134     0  22110233     0  
CD011134     0  22026305     0  
CD011134     0  21975318     0  
CD011134     0  21937396     0  
CD011134     0  21922357     1  
CD011134     0  21901530     0  
CD011134     0  21875477     0  
CD011134     0  21875276     0  
CD011134     0  21873169     0  
CD011134     0  21855042     0  
CD011134     0  21824604     0  
CD011134     0  21819716     0  
CD011134     0  21768792     0  
CD011134     0  21768791     0  
CD011134     0  21760561     1  
CD011134     0  21729676     0  
CD011134     0  21724118     1  
CD011134     0  21718080     0  
CD011134     0  21717877     0  
CD011134     0  21713777     0  
CD011134     0  21661398     0  
CD011134     0  21661394     0  
CD011134     0  21645866     0  
CD011134     0  21633643     0  
CD011134     0  21573902     0  
CD011134     0  21541936     0  
CD011134     0  21541674     0  
CD011134     0  21540596     0  
CD011134     0  21538263     0  
CD011134     0  21538056     0  
CD011134     0  21537868     0  
CD011134     0  21509696     0  
CD011134     0  21492331     0  
CD011134     0  21479672     0  
CD011134     0  21424077     0  
CD011134     0  21422427     0  
CD011134     0  21418854     0  
CD011134     0  21385143     0  
CD011134     0  21383559     0  
CD011134     0  21369738     0  
CD011134     0  21349952     0  
CD011134     0  21343933     0  
CD011134     0  21316708     0  
CD011134     0  21301835     0  
CD011134     0  21273626     0  
CD011134     0  21228367     0  
CD011134     0  21223553     0  
CD011134     0  21207584     0  
CD011134     0  21191653     0  
CD011134     0  21190025     0  
CD011134     0  21178761     0  
CD011134     0  21157211     0  
CD011134     0  21157200     0  
CD011134     0  21108017     0  
CD011134     0  21071514     0  
CD011134     0  20732756     0  
CD011134     0  20643864     0  
CD011134     0  20628824     0  
CD011134     0  21568065     0  
CD011134     0  21351419     0  
CD011134     0  21332003     0  
CD011134     0  21263760     1  
CD011134     0  21224666     0  
CD011134     0  21224661     0  
CD011134     0  21224635     0  
CD011134     0  21224633     0  
CD011134     0  21224629     0  
CD011134     0  21224628     0  
CD011134     0  21211254     0  
CD011134     0  21208847     0  
CD011134     0  21197735     0  
CD011134     0  21173292     1  
CD011134     0  21161947     0  
CD011134     0  21115936     0  
CD011134     0  21105619     1  
CD011134     0  21037435     0  
CD011134     0  20968136     0  
CD011134     0  20948272     0  
CD011134     0  20919526     0  
CD011134     0  20816019     0  
CD011134     0  20809426     0  
CD011134     0  20809023     0  
CD011134     0  20682997     0  
CD011134     0  20667318     0  
CD011134     0  20648586     1  
CD011134     0  20647735     0  
CD011134     0  20646650     0  
CD011134     0  20616575     0  
CD011134     0  20604972     0  
CD011134     0  20601814     0  
CD011134     0  20582543     0  
CD011134     0  20450606     0  
CD011134     0  20434103     0  
CD011134     0  20429036     0  
CD011134     0  20414929     0  
CD011134     0  20414035     0  
CD011134     0  20414034     0  
CD011134     0  20378505     0  
CD011134     0  20378496     0  
CD011134     0  20370424     0  
CD011134     0  20364373     0  
CD011134     0  20336782     0  
CD011134     0  20332684     0  
CD011134     0  20305435     0  
CD011134     0  20302675     0  
CD011134     0  20217258     1  
CD011134     0  20216474     0  
CD011134     0  20189054     0  
CD011134     0  20173157     0  
CD011134     0  20162425     1  
CD011134     0  20154498     0  
CD011134     0  20150437     0  
CD011134     0  20121626     0  
CD011134     0  20120032     0  
CD011134     0  20119979     0  
CD011134     0  20112971     0  
CD011134     0  20110784     0  
CD011134     0  20100688     1  
CD011134     0  20095886     0  
CD011134     0  20095885     0  
CD011134     0  20004437     0  
CD011134     0  20002699     1  
CD011134     0  19901015     0  
CD011134     0  19843115     0  
CD011134     0  19834766     0  
CD011134     0  19759184     0  
CD011134     0  19577877     0  
CD011134     0  19513742     0  
CD011134     0  20214208     0  
CD011134     0  20055296     0  
CD011134     0  20037371     0  
CD011134     0  20037364     0  
CD011134     0  20037356     0  
CD011134     0  20037352     0  
CD011134     0  20032440     0  
CD011134     0  19954584     0  
CD011134     0  19943591     0  
CD011134     0  19942831     0  
CD011134     0  19920401     0  
CD011134     0  19901127     0  
CD011134     0  19900940     0  
CD011134     0  19875045     0  
CD011134     0  19846991     0  
CD011134     0  19827341     0  
CD011134     0  19795327     0  
CD011134     0  19757443     1  
CD011134     0  19744643     0  
CD011134     0  19729826     0  
CD011134     0  19728904     0  
CD011134     0  19722234     0  
CD011134     0  19717662     0  
CD011134     0  19694323     0  
CD011134     0  19690493     0  
CD011134     0  19672932     0  
CD011134     0  19657698     0  
CD011134     0  19635733     0  
CD011134     0  19632934     0  
CD011134     0  19629600     1  
CD011134     0  19581858     0  
CD011134     0  19579599     0  
CD011134     0  19579590     0  
CD011134     0  19565285     1  
CD011134     0  19564531     1  
CD011134     0  19556905     0  
CD011134     0  19496187     0  
CD011134     0  19495885     0  
CD011134     0  19495779     0  
CD011134     0  19488771     0  
CD011134     0  19488584     1  
CD011134     0  19474695     0  
CD011134     0  19446404     0  
CD011134     0  19434456     0  
CD011134     0  19420870     0  
CD011134     0  19418495     0  
CD011134     0  19384300     0  
CD011134     0  19381032     0  
CD011134     0  19347392     0  
CD011134     0  19333049     0  
CD011134     0  19295282     0  
CD011134     0  19279420     0  
CD011134     0  19259690     0  
CD011134     0  19239935     0  
CD011134     0  19235181     0  
CD011134     0  19198996     0  
CD011134     0  19189191     0  
CD011134     0  19187105     0  
CD011134     0  19167974     0  
CD011134     0  19151578     0  
CD011134     0  19118433     0  
CD011134     0  19010633     0  
CD011134     0  18979139     0  
CD011134     0  18942720     0  
CD011134     0  18937260     0  
CD011134     0  18673436     0  
CD011134     0  18672360     0  
CD011134     0  18513194     0  
CD011134     0  18462239     0  
CD011134     0  19839520     0  
CD011134     0  19260509     0  
CD011134     0  19199273     0  
CD011134     0  19106560     0  
CD011134     0  19102333     0  
CD011134     0  19098417     0  
CD011134     0  19042984     0  
CD011134     0  19011350     0  
CD011134     0  18937231     0  
CD011134     0  18936576     0  
CD011134     0  18846401     0  
CD011134     0  18818499     0  
CD011134     0  18795674     0  
CD011134     0  18785568     0  
CD011134     0  18780338     0  
CD011134     0  18720544     0  
CD011134     0  18688130     0  
CD011134     0  18676757     0  
CD011134     0  18670822     0  
CD011134     0  18656012     0  
CD011134     0  18645930     0  
CD011134     0  18638656     0  
CD011134     0  18633674     1  
CD011134     0  18633266     0  
CD011134     0  18633265     0  
CD011134     0  18622956     0  
CD011134     0  18621637     0  
CD011134     0  18598107     0  
CD011134     0  18577868     0  
CD011134     0  18570735     0  
CD011134     0  18519781     0  
CD011134     0  18505053     0  
CD011134     0  18501075     0  
CD011134     0  18501071     0  
CD011134     0  18481151     0  
CD011134     0  18475294     0  
CD011134     0  18440486     0  
CD011134     0  18411580     0  
CD011134     0  18408442     0  
CD011134     0  18408441     0  
CD011134     0  18373578     0  
CD011134     0  18347406     0  
CD011134     0  18334735     0  
CD011134     0  18322961     0  
CD011134     0  18322753     0  
CD011134     0  18291260     0  
CD011134     0  18242343     0  
CD011134     0  18216534     0  
CD011134     0  18202413     0  
CD011134     0  18161908     0  
CD011134     0  18156932     0  
CD011134     0  18028472     0  
CD011134     0  18008108     0  
CD011134     0  17963247     0  
CD011134     0  17939014     0  
CD011134     0  17932750     1  
CD011134     0  17909846     0  
CD011134     0  17882491     0  
CD011134     0  17805550     0  
CD011134     0  17680636     0  
CD011134     0  17645572     0  
CD011134     0  17614249     0  
CD011134     0  18453219     0  
CD011134     0  18338491     0  
CD011134     0  18334831     0  
CD011134     0  18275712     0  
CD011134     0  18251140     0  
CD011134     0  18219932     0  
CD011134     0  18219891     0  
CD011134     0  18219846     0  
CD011134     0  18079636     0  
CD011134     0  18043108     0  
CD011134     0  18023132     0  
CD011134     0  17983178     0  
CD011134     0  17980542     0  
CD011134     0  17974527     0  
CD011134     0  17968166     0  
CD011134     0  17921088     0  
CD011134     0  17916288     0  
CD011134     0  17893492     0  
CD011134     0  17876139     0  
CD011134     0  17868775     0  
CD011134     0  17854148     0  
CD011134     0  17854114     0  
CD011134     0  17848227     0  
CD011134     0  17823231     0  
CD011134     0  17786336     0  
CD011134     0  17784988     0  
CD011134     0  17762405     0  
CD011134     0  17715643     0  
CD011134     0  17695461     0  
CD011134     0  17688376     0  
CD011134     0  17687948     0  
CD011134     0  17687216     0  
CD011134     0  17649792     1  
CD011134     0  17649779     0  
CD011134     0  17634125     0  
CD011134     0  17608748     0  
CD011134     0  17607122     0  
CD011134     0  17606190     0  
CD011134     0  17593628     0  
CD011134     0  17589956     0  
CD011134     0  17588413     0  
CD011134     0  17575696     0  
CD011134     0  17573747     1  
CD011134     0  17570017     0  
CD011134     0  17566830     1  
CD011134     0  17555577     1  
CD011134     0  17512720     0  
CD011134     0  17510767     0  
CD011134     0  17496457     0  
CD011134     0  17487561     0  
CD011134     0  17486358     0  
CD011134     0  17483984     0  
CD011134     0  17481478     0  
CD011134     0  17473951     0  
CD011134     0  17468918     0  
CD011134     0  17465478     0  
CD011134     0  17458595     0  
CD011134     0  17457032     1  
CD011134     0  17452862     0  
CD011134     0  17443880     0  
CD011134     0  17431726     0  
CD011134     0  17431354     0  
CD011134     0  17430690     0  
CD011134     0  17429708     0  
CD011134     0  17406027     0  
CD011134     0  17400423     0  
CD011134     0  17390145     0  
CD011134     0  17377185     0  
CD011134     0  17342309     0  
CD011134     0  17301655     0  
CD011134     0  17285398     0  
CD011134     0  17258883     0  
CD011134     0  17219282     0  
CD011134     0  17211733     0  
CD011134     0  17203190     0  
CD011134     0  17200912     0  
CD011134     0  17176982     0  
CD011134     0  17174516     1  
CD011134     0  17174059     0  
CD011134     0  17119985     0  
CD011134     0  17103264     1  
CD011134     0  17096339     0  
CD011134     0  17095181     0  
CD011134     0  17058316     0  
CD011134     0  16896992     0  
CD011134     0  18175226     0  
CD011134     0  17652942     0  
CD011134     0  17212164     0  
CD011134     0  17212120     0  
CD011134     0  17212112     0  
CD011134     0  17212109     0  
CD011134     0  17116621     1  
CD011134     0  17114081     0  
CD011134     0  17114079     0  
CD011134     0  17110626     0  
CD011134     0  17108210     0  
CD011134     0  17060406     0  
CD011134     0  17058136     0  
CD011134     0  17019657     0  
CD011134     0  16998681     1  
CD011134     0  16995454     0  
CD011134     0  16990975     0  
CD011134     0  16969616     0  
CD011134     0  16969040     0  
CD011134     0  16943525     0  
CD011134     0  16931541     0  
CD011134     0  16925977     0  
CD011134     0  16891116     0  
CD011134     0  16857451     0  
CD011134     0  16847713     0  
CD011134     0  16809030     0  
CD011134     0  16804977     1  
CD011134     0  16804525     0  
CD011134     0  16795969     0  
CD011134     0  16788936     0  
CD011134     0  16773844     0  
CD011134     0  16762969     0  
CD011134     0  16736515     0  
CD011134     0  16736329     0  
CD011134     0  16733481     0  
CD011134     0  16721679     0  
CD011134     0  16720924     0  
CD011134     0  16719189     0  
CD011134     0  16705643     0  
CD011134     0  16687080     0  
CD011134     0  16684089     0  
CD011134     0  16650961     0  
CD011134     0  16632423     0  
CD011134     0  16627067     0  
CD011134     0  16609990     0  
CD011134     0  16608021     0  
CD011134     0  16567395     0  
CD011134     0  16555146     0  
CD011134     0  16538413     0  
CD011134     0  16538403     0  
CD011134     0  16495699     0  
CD011134     0  16493539     0  
CD011134     0  16485158     0  
CD011134     0  16455458     0  
CD011134     0  16455336     0  
CD011134     0  16450212     1  
CD011134     0  16443189     0  
CD011134     0  16428481     0  
CD011134     0  16392024     0  
CD011134     0  16377503     0  
CD011134     0  16368496     0  
CD011134     0  16365182     1  
CD011134     0  16353192     0  
CD011134     0  16353185     0  
CD011134     0  16720912     0  
CD011134     0  16352943     0  
CD011134     0  16334762     0  
CD011134     0  16315939     0  
CD011134     0  16315919     0  
CD011134     0  16310700     0  
CD011134     0  16278412     0  
CD011134     0  16273258     0  
CD011134     0  16266577     0  
CD011134     0  16266568     0  
CD011134     0  16260687     0  
CD011134     0  16244799     0  
CD011134     0  16241086     0  
CD011134     0  16209648     0  
CD011134     0  16201091     0  
CD011134     0  16192596     0  
CD011134     0  16148023     0  
CD011134     0  16127782     0  
CD011134     0  16124375     1  
CD011134     0  16123823     0  
CD011134     0  16100946     0  
CD011134     0  16100455     0  
CD011134     0  16077933     0  
CD011134     0  16049286     0  
CD011134     0  16033101     0  
CD011134     0  16018597     0  
CD011134     0  16015042     0  
CD011134     0  16002501     0  
CD011134     0  15991059     0  
CD011134     0  15972037     0  
CD011134     0  15946483     0  
CD011134     0  15922887     0  
CD011134     0  15910714     0  
CD011134     0  15909492     0  
CD011134     0  15882879     0  
CD011134     0  15865094     0  
CD011134     0  15865086     0  
CD011134     0  15849507     0  
CD011134     0  15830301     0  
CD011134     0  15827794     0  
CD011134     0  15817235     0  
CD011134     0  15816454     0  
CD011134     0  15796045     0  
CD011134     0  15793645     0  
CD011134     0  15785896     0  
CD011134     0  15749591     1  
CD011134     0  15742907     0  
CD011134     0  15685032     0  
CD011134     0  15682467     0  
CD011134     0  15655814     0  
CD011134     0  15586226     0  
CD011134     0  15309541     0  
CD011134     0  15293064     0  
CD011134     0  15696855     0  
CD011134     0  15665575     0  
CD011134     0  15658583     0  
CD011134     0  15657653     0  
CD011134     0  15655619     1  
CD011134     0  15640960     0  
CD011134     0  15637472     0  
CD011134     0  15630256     0  
CD011134     0  15603351     0  
CD011134     0  15561283     0  
CD011134     0  15553742     0  
CD011134     0  15553741     0  
CD011134     0  15553688     0  
CD011134     0  15553678     0  
CD011134     0  15534060     0  
CD011134     0  15532831     0  
CD011134     0  15527578     0  
CD011134     0  15522556     0  
CD011134     0  15522189     0  
CD011134     0  15492569     0  
CD011134     0  15373203     0  
CD011134     0  15366746     0  
CD011134     0  15362750     0  
CD011134     0  15360055     0  
CD011134     0  15355906     0  
CD011134     0  15333684     0  
CD011134     0  15333188     0  
CD011134     0  15332558     0  
CD011134     0  15332554     0  
CD011134     0  15330208     0  
CD011134     0  15315564     0  
CD011134     0  15297402     0  
CD011134     0  15279063     0  
CD011134     0  15272595     0  
CD011134     0  15239990     1  
CD011134     0  15232689     0  
CD011134     0  15223436     0  
CD011134     0  15221968     0  
CD011134     0  15202102     0  
CD011134     0  15194069     0  
CD011134     0  15185002     0  
CD011134     0  15170974     0  
CD011134     0  15164599     0  
CD011134     0  15162236     0  
CD011134     0  15108028     0  
CD011134     0  15105897     0  
CD011134     0  15077925     0  
CD011134     0  15063889     0  
CD011134     0  15059021     0  
CD011134     0  15043338     0  
CD011134     0  15043294     0  
CD011134     0  15037935     0  
CD011134     0  15028309     0  
CD011134     0  15028308     0  
CD011134     0  15012886     0  
CD011134     0  15011851     0  
CD011134     0  15007086     0  
CD011134     0  15007083     0  
CD011134     0  14991639     0  
CD011134     0  14991634     0  
CD011134     0  14716495     0  
CD011134     0  14648708     0  
CD011134     0  19764149     0  
CD011134     0  15244179     0  
CD011134     0  14968942     0  
CD011134     0  14756546     0  
CD011134     0  14752222     0  
CD011134     0  14696436     0  
CD011134     0  14676105     0  
CD011134     0  14668591     0  
CD011134     0  14598428     0  
CD011134     0  14594539     0  
CD011134     0  14585038     0  
CD011134     0  14581354     0  
CD011134     0  14571737     0  
CD011134     0  14564514     0  
CD011134     0  14535588     0  
CD011134     0  14530655     0  
CD011134     0  14524394     0  
CD011134     0  14521450     0  
CD011134     0  14507003     0  
CD011134     0  12963652     0  
CD011134     0  12949063     0  
CD011134     0  12905553     0  
CD011134     0  12901279     0  
CD011134     0  12892459     0  
CD011134     0  12870136     0  
CD011134     0  12865871     0  
CD011134     0  12845969     0  
CD011134     0  12845218     0  
CD011134     0  12841660     0  
CD011134     0  12828063     0  
CD011134     0  12819425     0  
CD011134     0  12796730     0  
CD011134     0  12794585     0  
CD011134     0  12772523     0  
CD011134     0  12756651     0  
CD011134     0  12738742     0  
CD011134     0  12705555     1  
CD011134     0  12699060     0  
CD011134     0  12664130     0  
CD011134     0  12657235     0  
CD011134     0  12626905     1  
CD011134     0  12616121     0  
CD011134     0  12610881     0  
CD011134     0  12607251     0  
CD011134     0  12598345     0  
CD011134     0  12477769     0  
CD011134     0  12457030     0  
CD011134     0  12636102     0  
CD011134     0  12627817     0  
CD011134     0  12614178     0  
CD011134     0  12590703     0  
CD011134     0  12585359     1  
CD011134     0  12543084     0  
CD011134     0  12507211     0  
CD011134     0  12496545     0  
CD011134     0  12484378     0  
CD011134     0  12484021     0  
CD011134     0  12484012     0  
CD011134     0  12454515     0  
CD011134     0  12433608     0  
CD011134     0  12418053     0  
CD011134     0  12407386     0  
CD011134     0  12400988     0  
CD011134     0  12397747     0  
CD011134     0  12394438     0  
CD011134     0  12378215     0  
CD011134     0  12377967     0  
CD011134     0  12352596     1  
CD011134     0  12297926     0  
CD011134     0  12239921     0  
CD011134     0  12239755     0  
CD011134     0  12236910     0  
CD011134     0  12174919     0  
CD011134     0  12174375     0  
CD011134     0  12174368     0  
CD011134     0  12168881     0  
CD011134     0  12165823     0  
CD011134     0  12153624     0  
CD011134     0  12147102     0  
CD011134     0  12138655     0  
CD011134     0  12134365     0  
CD011134     0  12124825     0  
CD011134     0  12114872     0  
CD011134     0  12085275     0  
CD011134     0  12063682     0  
CD011134     0  12062285     0  
CD011134     0  12053228     1  
CD011134     0  12044059     0  
CD011134     0  12029557     0  
CD011134     0  12003191     0  
CD011134     0  11995458     0  
CD011134     0  11994521     0  
CD011134     0  11978524     0  
CD011134     0  11977553     0  
CD011134     0  11957811     0  
CD011134     0  11956598     0  
CD011134     0  11948229     1  
CD011134     0  11948226     0  
CD011134     0  11943891     0  
CD011134     0  11898807     0  
CD011134     0  11888871     0  
CD011134     0  11877768     0  
CD011134     0  11846459     0  
CD011134     0  15503618     0  
CD011134     0  12445377     0  
CD011134     0  12445370     0  
CD011134     0  12160217     0  
CD011134     0  11940415     0  
CD011134     0  11917949     0  
CD011134     0  11819806     0  
CD011134     0  11813599     0  
CD011134     0  11805572     0  
CD011134     0  11776491     0  
CD011134     0  11776485     0  
CD011134     0  11758954     0  
CD011134     0  11745445     0  
CD011134     0  11720833     0  
CD011134     0  11711899     0  
CD011134     0  11711742     0  
CD011134     0  11708011     0  
CD011134     0  11708010     0  
CD011134     0  11680046     0  
CD011134     0  11602894     1  
CD011134     0  11594285     0  
CD011134     0  11579645     0  
CD011134     0  11579643     0  
CD011134     0  11578583     0  
CD011134     0  11531011     0  
CD011134     0  11530588     0  
CD011134     0  11521792     0  
CD011134     0  11518749     0  
CD011134     0  11508659     0  
CD011134     0  11504520     0  
CD011134     0  11489795     0  
CD011134     0  11486537     0  
CD011134     0  11442531     0  
CD011134     0  11432345     0  
CD011134     0  11432344     0  
CD011134     0  11425272     0  
CD011134     0  11404151     0  
CD011134     0  11400920     0  
CD011134     0  11396217     0  
CD011134     0  11396197     0  
CD011134     0  11395234     0  
CD011134     0  11372289     0  
CD011134     0  11357039     0  
CD011134     0  11350905     0  
CD011134     0  11330579     0  
CD011134     0  11329523     0  
CD011134     0  11322488     0  
CD011134     0  11313174     0  
CD011134     0  11300328     0  
CD011134     0  11299816     0  
CD011134     0  11296171     0  
CD011134     0  11291879     0  
CD011134     0  11274010     0  
CD011134     0  11273591     0  
CD011134     0  11266372     0  
CD011134     0  11237491     1  
CD011134     0  11227949     0  
CD011134     0  11227940     0  
CD011134     0  11224617     0  
CD011134     0  11223839     0  
CD011134     0  11174709     0  
CD011134     0  11167877     0  
CD011134     0  11136320     0  
CD011134     0  11121864     0  
CD011134     0  11341176     0  
CD011134     0  11326702     0  
CD011134     0  11326650     0  
CD011134     0  11326645     1  
CD011134     0  11195411     0  
CD011134     0  11092488     0  
CD011134     0  11086438     0  
CD011134     0  11085731     1  
CD011134     0  11049029     0  
CD011134     0  11044640     0  
CD011134     0  11044360     0  
CD011134     0  11044357     0  
CD011134     0  11042562     0  
CD011134     0  11039718     0  
CD011134     0  11037995     0  
CD011134     0  11036130     1  
CD011134     0  11032600     0  
CD011134     0  11027426     0  
CD011134     0  11020866     0  
CD011134     0  11008202     0  
CD011134     0  11005500     0  
CD011134     0  10958511     1  
CD011134     0  10954187     0  
CD011134     0  10918996     0  
CD011134     0  10888773     0  
CD011134     0  10873071     0  
CD011134     0  10867451     0  
CD011134     0  10863860     0  
CD011134     0  10861600     0  
CD011134     0  10861419     0  
CD011134     0  10859091     0  
CD011134     0  10859076     0  
CD011134     0  10857181     0  
CD011134     0  10857180     0  
CD011134     0  10855627     0  
CD011134     0  10815889     0  
CD011134     0  10814560     0  
CD011134     0  10811351     0  
CD011134     0  10796051     0  
CD011134     0  10791201     0  
CD011134     0  10789743     0  
CD011134     0  10789559     0  
CD011134     0  10770561     0  
CD011134     0  10769718     0  
CD011134     0  10763776     0  
CD011134     0  10763141     0  
CD011134     0  10749608     0  
CD011134     0  10745140     0  
CD011134     0  10716323     0  
CD011134     0  10706924     0  
CD011134     0  10674446     1  
CD011134     0  10665570     0  
CD011134     0  10661337     0  
CD011134     0  10640958     0  
CD011134     0  10636103     0  
CD011134     0  10618603     0  
CD011134     0  19629871     0  
CD011134     0  11122815     0  
CD011134     0  10642939     0  
CD011134     0  10635303     0  
CD011134     0  10628379     0  
CD011134     0  10626169     0  
CD011134     0  10612150     0  
CD011134     0  10610624     0  
CD011134     0  10606480     0  
CD011134     0  10603755     0  
CD011134     0  10589767     0  
CD011134     0  10576653     0  
CD011134     0  10566532     0  
CD011134     0  10561367     0  
CD011134     0  10560851     0  
CD011134     0  10560426     0  
CD011134     0  10554319     0  
CD011134     0  10541369     0  
CD011134     0  10533193     0  
CD011134     0  10528904     0  
CD011134     0  10493478     0  
CD011134     0  10481530     0  
CD011134     0  10472328     0  
CD011134     0  10470177     0  
CD011134     0  10470173     1  
CD011134     0  10469401     0  
CD011134     0  10436809     0  
CD011134     0  10431589     0  
CD011134     0  10430334     0  
CD011134     0  10411440     1  
CD011134     0  10396327     0  
CD011134     0  10392376     0  
CD011134     0  10370669     0  
CD011134     0  10370636     0  
CD011134     0  10370360     0  
CD011134     0  10366210     0  
CD011134     0  10344687     0  
CD011134     0  10344686     0  
CD011134     0  10340049     0  
CD011134     0  10337667     0  
CD011134     0  10336810     1  
CD011134     0  10326848     0  
CD011134     0  10326689     0  
CD011134     0  10323422     0  
CD011134     0  10228796     0  
CD011134     0  10207736     1  
CD011134     0  10188896     0  
CD011134     0  10100796     0  
CD011134     0  10100794     0  
CD011134     0  10097756     0  
CD011134     0  10091755     0  
CD011134     0  10082043     0  
CD011134     0  10074212     0  
CD011134     0  10071281     0  
CD011134     0  10065099     0  
CD011134     0  10037299     1  
CD011134     0  10027321     0  
CD011134     0  9989413      0  
CD011134     0  9934841      0  
CD011134     0  10921014     0  
CD011134     0  10021708     0  
CD011134     0  9974027      1  
CD011134     0  9872539      1  
CD011134     0  9867533      0  
CD011134     0  9867442      0  
CD011134     0  9835125      0  
CD011134     0  9829384      0  
CD011134     0  9829379      0  
CD011134     0  9829378      0  
CD011134     0  9829377      0  
CD011134     0  9814374      1  
CD011134     0  9800067      0  
CD011134     0  9786312      0  
CD011134     0  9762050      0  
CD011134     0  9754756      0  
CD011134     0  9752333      0  
CD011134     0  9730420      0  
CD011134     0  9715149      0  
CD011134     0  9712565      0  
CD011134     0  9708004      1  
CD011134     0  9693895      0  
CD011134     0  9692467      0  
CD011134     0  9678617      0  
CD011134     0  9678379      0  
CD011134     0  9677475      0  
CD011134     0  9676118      0  
CD011134     0  9673300      0  
CD011134     0  9671067      1  
CD011134     0  9670248      0  
CD011134     0  9667137      0  
CD011134     0  9660027      0  
CD011134     0  9658987      0  
CD011134     0  9654112      0  
CD011134     0  9652996      0  
CD011134     0  9645747      0  
CD011134     0  9645739      1  
CD011134     0  9629764      0  
CD011134     0  9625823      0  
CD011134     0  9610661      0  
CD011134     0  9607539      0  
CD011134     0  9589054      0  
CD011134     0  9586892      0  
CD011134     0  9586891      0  
CD011134     0  9583699      0  
CD011134     0  9571976      0  
CD011134     0  9563547      0  
CD011134     0  9562956      0  
CD011134     0  9556889      0  
CD011134     0  9556250      0  
CD011134     0  9544234      0  
CD011134     0  9527052      0  
CD011134     0  9515176      0  
CD011134     0  9494419      0  
CD011134     0  9492886      0  
CD011134     0  9486782      0  
CD011134     0  9440733      0  
CD011134     0  10023168     0  
CD011134     0  9815809      0  
CD011134     0  9640796      1  
CD011134     0  9484923      0  
CD011134     0  9470809      0  
CD011134     0  9458953      0  
CD011134     0  9446342      0  
CD011134     0  9426327      0  
CD011134     0  9411673      0  
CD011134     0  9406694      0  
CD011134     0  9393570      0  
CD011134     0  9389396      0  
CD011134     0  9382525      0  
CD011134     0  9382505      0  
CD011134     0  9378784      0  
CD011134     0  9378783      1  
CD011134     0  9372374      0  
CD011134     0  9342635      0  
CD011134     0  9340857      0  
CD011134     0  9329569      0  
CD011134     0  9309885      0  
CD011134     0  9306552      0  
CD011134     0  9286231      0  
CD011134     0  9279352      0  
CD011134     0  9273809      0  
CD011134     0  9263539      0  
CD011134     0  9259962      0  
CD011134     0  9252706      0  
CD011134     0  9251889      0  
CD011134     0  9227247      0  
CD011134     0  9221868      0  
CD011134     0  9216852      1  
CD011134     0  9213578      0  
CD011134     0  9208962      1  
CD011134     0  9208961      0  
CD011134     0  9189775      0  
CD011134     0  9182180      0  
CD011134     0  9176713      1  
CD011134     0  9147937      0  
CD011134     0  9137502      0  
CD011134     0  9135525      0  
CD011134     0  9114681      0  
CD011134     0  9112146      0  
CD011134     0  9107663      0  
CD011134     0  9106686      0  
CD011134     0  9102262      0  
CD011134     0  9101544      0  
CD011134     0  9100477      1  
CD011134     0  9085632      0  
CD011134     0  9083150      0  
CD011134     0  9075747      1  
CD011134     0  9041925      0  
CD011134     0  9015173      0  
CD011134     0  8998120      0  
CD011134     0  9387259      0  
CD011134     0  9064391      0  
CD011134     0  9013232      0  
CD011134     0  8963836      0  
CD011134     0  8953601      0  
CD011134     0  8915293      0  
CD011134     0  8912535      0  
CD011134     0  8895905      0  
CD011134     0  8886047      0  
CD011134     0  8878497      1  
CD011134     0  8877641      0  
CD011134     0  8876888      0  
CD011134     0  8867343      0  
CD011134     0  8849951      0  
CD011134     0  8843115      1  
CD011134     0  8837299      0  
CD011134     0  8831736      0  
CD011134     0  8826938      0  
CD011134     0  8817226      0  
CD011134     0  8797658      0  
CD011134     0  8770301      0  
CD011134     0  8756838      0  
CD011134     0  8737691      0  
CD011134     0  8722418      0  
CD011134     0  8719729      0  
CD011134     0  8717176      0  
CD011134     0  8712616      1  
CD011134     0  8708720      0  
CD011134     0  8694534      0  
CD011134     0  8693127      0  
CD011134     0  8691835      1  
CD011134     0  8687164      1  
CD011134     0  8662095      0  
CD011134     0  8645052      0  
CD011134     0  8645050      0  
CD011134     0  8623053      0  
CD011134     0  8620800      0  
CD011134     0  8608500      0  
CD011134     0  8601361      1  
CD011134     0  8850029      0  
CD011134     0  8748205      0  
CD011134     0  8625094      0  
CD011134     0  8625093      0  
CD011134     0  8596740      0  
CD011134     0  8591076      0  
CD011134     0  8586373      0  
CD011134     0  8560891      0  
CD011134     0  8532413      0  
CD011134     0  8528485      0  
CD011134     0  8522446      0  
CD011134     0  8520170      0  
CD011134     0  7874576      0  
CD011134     0  7794002      0  
CD011134     0  7793826      0  
CD011134     0  7777864      0  
CD011134     0  7774474      1  
CD011134     0  7750106      1  
CD011134     0  7733553      0  
CD011134     0  7721638      0  
CD011134     0  7709662      0  
CD011134     0  7657490      0  
CD011134     0  7645930      0  
CD011134     0  7619581      1  
CD011134     0  7607271      0  
CD011134     0  7577022      0  
CD011134     0  7575117      1  
CD011134     0  7574741      0  
CD011134     0  7573721      0  
CD011134     0  7571064      0  
CD011134     0  7571043      0  
CD011134     0  7570059      0  
CD011134     0  7561233      0  
CD011134     0  7552624      0  
CD011134     0  7545144      0  
CD011134     0  7542493      0  
CD011134     0  7537651      0  
CD011134     0  7529527      0  
CD011134     0  7493347      0  
CD011134     0  7493341      0  
CD011134     0  7489178      0  
CD011134     0  7480740      0  
CD011134     0  17977436     0  
CD011134     0  8707771      0  
CD011134     0  8313787      0  
CD011134     0  8313783      1  
CD011134     0  8311497      0  
CD011134     0  8310407      0  
CD011134     0  8306832      0  
CD011134     0  8306269      0  
CD011134     0  8306268      0  
CD011134     0  8299078      0  
CD011134     0  8261435      0  
CD011134     0  8200237      0  
CD011134     0  8198976      0  
CD011134     0  8170642      0  
CD011134     0  8168992      0  
CD011134     0  8154969      0  
CD011134     0  8147155      0  
CD011134     0  8146630      0  
CD011134     0  8137675      1  
CD011134     0  8131088      0  
CD011134     0  8129484      1  
CD011134     0  8120546      0  
CD011134     0  8090628      0  
CD011134     0  8080745      1  
CD011134     0  8076486      1  
CD011134     0  8054783      0  
CD011134     0  8028339      0  
CD011134     0  8019727      0  
CD011134     0  8018375      0  
CD011134     0  8007780      0  
CD011134     0  8007072      0  
CD011134     0  7961830      0  
CD011134     0  7954255      0  
CD011134     0  7931472      0  
CD011134     0  7887585      0  
CD011134     0  7880770      0  
CD011134     0  7827902      1  
CD011134     0  7817200      0  
CD011134     0  7811557      0  
CD011134     0  7808670      0  
CD011134     0  7742592      0  
CD011134     0  7715897      0  
CD011134     0  7535713      0  
CD011134     0  7527311      0  
CD011134     0  7524455      0  
CD011134     0  7515172      0  
CD011134     0  7512130      0  
CD011134     0  8511605      0  
CD011134     0  8508386      0  
CD011134     0  8508370      0  
CD011134     0  8491320      0  
CD011134     0  8490911      0  
CD011134     0  8474293      0  
CD011134     0  8464409      0  
CD011134     0  8456517      0  
CD011134     0  8449134      0  
CD011134     0  8449074      0  
CD011134     0  8441054      0  
CD011134     0  8441053      0  
CD011134     0  8439505      0  
CD011134     0  8422179      0  
CD011134     0  8405479      0  
CD011134     0  8404956      0  
CD011134     0  8404384      0  
CD011134     0  8403703      0  
CD011134     0  8396907      0  
CD011134     0  8389662      0  
CD011134     0  8379680      0  
CD011134     0  8375221      0  
CD011134     0  8374868      0  
CD011134     0  8373216      0  
CD011134     0  8368446      0  
CD011134     0  8366298      0  
CD011134     0  8338705      0  
CD011134     0  8324338      0  
CD011134     0  8314389      0  
CD011134     0  8272763      1  
CD011134     0  8257047      0  
CD011134     0  8252465      0  
CD011134     0  8246027      0  
CD011134     0  8239693      0  
CD011134     0  8233244      0  
CD011134     0  8233243      0  
CD011134     0  8223061      1  
CD011134     0  8222254      0  
CD011134     0  8213219      0  
CD011134     0  8211199      0  
CD011134     0  8141873      0  
CD011134     0  8140393      0  
CD011134     0  8094079      0  
CD011134     0  7995105      0  
CD011134     0  7805492      0  
CD011134     0  7747020      0  
CD011134     0  7690348      0  
CD011134     0  7690061      0  
CD011134     0  7688748      0  
CD011134     0  7510220      0  
CD011134     0  7504559      0  
CD011134     0  1733472      0  
CD011134     0  1733432      0  
CD011134     0  1730980      0  
CD011134     0  1643605      0  
CD011134     0  1641613      0  
CD011134     0  1638001      0  
CD011134     0  1632702      0  
CD011134     0  1622739      0  
CD011134     0  1611787      0  
CD011134     0  1589986      0  
CD011134     0  1589179      0  
CD011134     0  1586298      0  
CD011134     0  1576351      0  
CD011134     0  1575626      0  
CD011134     0  1574769      0  
CD011134     0  1572385      0  
CD011134     0  1572383      0  
CD011134     0  1570970      0  
CD011134     0  1569843      0  
CD011134     0  1568399      1  
CD011134     0  1529837      0  
CD011134     0  1525757      0  
CD011134     0  1519392      0  
CD011134     0  1517455      0  
CD011134     0  1511391      0  
CD011134     0  1509055      0  
CD011134     0  1507478      1  
CD011134     0  1505900      0  
CD011134     0  1504120      0  
CD011134     0  1503511      0  
CD011134     0  1503403      0  
CD011134     0  1492875      0  
CD011134     0  1486919      0  
CD011134     0  1485536      0  
CD011134     0  1475624      1  
CD011134     0  1470053      0  
CD011134     0  1466082      0  
CD011134     0  1463689      0  
CD011134     0  1437794      0  
CD011134     0  1431347      0  
CD011134     0  1431346      0  
CD011134     0  1431344      0  
CD011134     0  1431340      1  
CD011134     0  1430441      0  
CD011134     0  1419646      1  
CD011134     0  1417017      0  
CD011134     0  1406470      0  
CD011134     0  1403140      0  
CD011134     0  1402314      0  
CD011134     0  1379057      0  
CD011134     0  1358359      0  
CD011134     0  1341246      0  
CD011134     0  1339876      0  
CD011134     0  1339738      1  
CD011134     0  1333762      0  
CD011134     0  1315472      0  
CD011134     0  1311986      0  
CD011134     0  1311626      0  
CD011134     0  1281552      0  
CD011134     0  2068452      0  
CD011134     0  2068450      0  
CD011134     0  2068448      0  
CD011134     0  2068447      0  
CD011134     0  2068445      0  
CD011134     0  2068444      0  
CD011134     0  2066784      0  
CD011134     0  2066759      0  
CD011134     0  2059962      0  
CD011134     0  2058325      0  
CD011134     0  2055140      0  
CD011134     0  2045852      0  
CD011134     0  2044417      0  
CD011134     0  2039134      0  
CD011134     0  2036931      0  
CD011134     0  2032318      0  
CD011134     0  2027979      0  
CD011134     0  2016627      0  
CD011134     0  2012403      0  
CD011134     0  2010306      0  
CD011134     0  2010305      0  
CD011134     0  1999127      0  
CD011134     0  1998972      0  
CD011134     0  1998473      0  
CD011134     0  1992526      0  
CD011134     0  1991262      0  
CD011134     0  1942906      0  
CD011134     0  1936302      1  
CD011134     0  1933781      0  
CD011134     0  1931241      0  
CD011134     0  1929612      0  
CD011134     0  1926005      0  
CD011134     0  1926004      0  
CD011134     0  1914746      1  
CD011134     0  1914727      0  
CD011134     0  1913688      0  
CD011134     0  1913687      0  
CD011134     0  1892537      0  
CD011134     0  1892526      0  
CD011134     0  1890143      0  
CD011134     0  1886571      0  
CD011134     0  1877936      0  
CD011134     0  1872630      0  
CD011134     0  1871479      0  
CD011134     0  1867518      0  
CD011134     0  1867517      0  
CD011134     0  1851587      0  
CD011134     0  1834025      0  
CD011134     0  1832005      0  
CD011134     0  1795132      0  
CD011134     0  1784761      0  
CD011134     0  1771385      0  
CD011134     0  1770658      0  
CD011134     0  1768746      0  
CD011134     0  1768627      0  
CD011134     0  1758235      0  
CD011134     0  1755604      0  
CD011134     0  1747053      0  
CD011134     0  1746895      0  
CD011134     0  1745485      0  
CD011134     0  1742739      0  
CD011134     0  1719331      0  
CD011134     0  1715601      0  
CD011134     0  1714497      0  
CD011134     0  1708073      0  
CD011134     0  1703330      0  
CD011134     0  1652230      0  
CD011134     0  2406105      0  
CD011134     0  2401391      0  
CD011134     0  2400968      0  
CD011134     0  2385221      0  
CD011134     0  2379594      0  
CD011134     0  2379591      1  
CD011134     0  2379590      0  
CD011134     0  2373466      0  
CD011134     0  2372492      0  
CD011134     0  2369311      0  
CD011134     0  2367057      0  
CD011134     0  2363558      0  
CD011134     0  2352657      0  
CD011134     0  2348233      0  
CD011134     0  2342376      0  
CD011134     0  2337875      0  
CD011134     0  2329893      0  
CD011134     0  2329866      0  
CD011134     0  2321973      0  
CD011134     0  2314825      0  
CD011134     0  2304284      0  
CD011134     0  2302062      0  
CD011134     0  2300891      0  
CD011134     0  2297664      0  
CD011134     0  2295083      0  
CD011134     0  2294807      1  
CD011134     0  2286800      0  
CD011134     0  2273952      0  
CD011134     0  2271809      1  
CD011134     0  2264338      0  
CD011134     0  2255411      0  
CD011134     0  2227305      0  
CD011134     0  2220267      0  
CD011134     0  2209837      0  
CD011134     0  2201096      0  
CD011134     0  2201097      0  
CD011134     0  2199223      0  
CD011134     0  2193120      0  
CD011134     0  2174752      0  
CD011134     0  2173427      0  
CD011134     0  2166552      0  
CD011134     0  2157833      0  
CD011134     0  2149279      0  
CD011134     0  2087823      0  
CD011134     0  2083556      0  
CD011134     0  2082634      0  
CD011134     0  1983556      0  
CD011134     0  1707199      0  
CD011134     0  1695546      0  
CD011134     0  1690376      0  
CD011134     0  1689208      0  
CD011134     0  1689079      0  
CD011134     0  10303909     0  
CD011134     0  2927234      0  
CD011134     0  2920105      0  
CD011134     0  2915539      0  
CD011134     0  2910444      0  
CD011134     0  2910248      0  
CD011134     0  2817872      0  
CD011134     0  2815778      0  
CD011134     0  2812076      0  
CD011134     0  2810823      0  
CD011134     0  2807840      0  
CD011134     0  2806084      0  
CD011134     0  2806020      0  
CD011134     0  2799440      1  
CD011134     0  2797493      0  
CD011134     0  2795205      0  
CD011134     0  2783844      0  
CD011134     0  2782914      0  
CD011134     0  2781236      1  
CD011134     0  2779050      0  
CD011134     0  2776795      0  
CD011134     0  2771111      0  
CD011134     0  2770446      0  
CD011134     0  2756446      0  
CD011134     0  2751254      0  
CD011134     0  2746136      0  
CD011134     0  2743277      0  
CD011134     0  2736845      0  
CD011134     0  2720584      0  
CD011134     0  2714130      0  
CD011134     0  2708519      0  
CD011134     0  2697474      0  
CD011134     0  2694905      0  
CD011134     0  2693562      0  
CD011134     0  2685692      0  
CD011134     0  2685691      0  
CD011134     0  2683153      0  
CD011134     0  2680066      0  
CD011134     0  2672606      0  
CD011134     0  2672373      0  
CD011134     0  2670570      0  
CD011134     0  2667448      0  
CD011134     0  2667446      1  
CD011134     0  2667189      0  
CD011134     0  2662074      0  
CD011134     0  2658821      0  
CD011134     0  2649397      0  
CD011134     0  2647623      0  
CD011134     0  2620629      1  
CD011134     0  2616103      0  
CD011134     0  2602902      0  
CD011134     0  2582433      0  
CD011134     0  2561374      0  
CD011134     0  2549882      0  
CD011134     0  2537129      0  
CD011134     0  2531992      0  
CD011134     0  2525415      0  
CD011134     0  2525005      0  
CD011134     0  2518432      0  
CD011134     0  2488519      1  
CD011134     0  2486018      0  
CD011134     0  2481485      0  
CD011134     0  2479175      1  
CD011134     0  2471456      0  
CD011134     0  2471180      0  
CD011134     0  2468779      0  
CD011134     0  3418082      0  
CD011134     0  3412513      0  
CD011134     0  3393651      0  
CD011134     0  3382204      0  
CD011134     0  3381354      0  
CD011134     0  3366023      0  
CD011134     0  3344897      1  
CD011134     0  3341547      1  
CD011134     0  3293181      0  
CD011134     0  3282655      0  
CD011134     0  3263037      0  
CD011134     0  3238157      0  
CD011134     0  3230337      0  
CD011134     0  3222463      0  
CD011134     0  3210846      1  
CD011134     0  3205122      0  
CD011134     0  3204010      0  
CD011134     0  3201159      0  
CD011134     0  3201155      0  
CD011134     0  3201153      0  
CD011134     0  3188544      0  
CD011134     0  3180140      0  
CD011134     0  3178471      0  
CD011134     0  3176505      0  
CD011134     0  3172515      1  
CD011134     0  3166366      0  
CD011134     0  3166103      0  
CD011134     0  3162449      0  
CD011134     0  3136114      0  
CD011134     0  3063022      0  
CD011134     0  3061930      0  
CD011134     0  3059458      0  
CD011134     0  3054922      0  
CD011134     0  3054845      0  
CD011134     0  3042807      0  
CD011134     0  2837115      0  
CD011134     0  2836570      0  
CD011134     0  2467038      0  
CD011134     0  3827362      0  
CD011134     0  3803120      1  
CD011134     0  3690235      0  
CD011134     0  3679340      0  
CD011134     0  3677890      0  
CD011134     0  3675195      0  
CD011134     0  3673304      1  
CD011134     0  3630232      0  
CD011134     0  3625257      0  
CD011134     0  3622555      0  
CD011134     0  3608853      0  
CD011134     0  3589978      0  
CD011134     0  3586345      0  
CD011134     0  3580687      0  
CD011134     0  3574501      1  
CD011134     0  3568033      0  
CD011134     0  3551880      0  
CD011134     0  3501859      0  
CD011134     0  3480768      0  
CD011134     0  3480671      0  
CD011134     0  3470172      1  
CD011134     0  3435012      0  
CD011134     0  3330945      0  
CD011134     0  3325290      0  
CD011134     0  3318646      0  
CD011134     0  3303117      0  
CD011134     0  3106836      0  
CD011134     0  3106373      0  
CD011134     0  3035686      0  
CD011134     0  2960296      0  
CD011134     0  2949822      0  
CD011134     0  2830075      1  
CD011134     0  2824273      0  
CD011134     0  2434361      0  
CD011134     0  2434296      0  
CD011134     0  3954942      0  
CD011134     0  3951166      1  
CD011134     0  3949243      1  
CD011134     0  3947880      0  
CD011134     0  3942992      0  
CD011134     0  3941861      0  
CD011134     0  3816909      1  
CD011134     0  3792170      0  
CD011134     0  3788331      0  
CD011134     0  3788330      0  
CD011134     0  3787141      0  
CD011134     0  3784395      0  
CD011134     0  3780991      0  
CD011134     0  3780447      0  
CD011134     0  3779657      0  
CD011134     0  3756825      0  
CD011134     0  3742993      0  
CD011134     0  3736057      0  
CD011134     0  3723883      1  
CD011134     0  3716715      0  
CD011134     0  3714087      0  
CD011134     0  3707331      0  
CD011134     0  3704903      0  
CD011134     0  3703341      1  
CD011134     0  3699082      0  
CD011134     0  3698741      0  
CD011134     0  3632919      0  
CD011134     0  3540857      0  
CD011134     0  3531728      0  
CD011134     0  3529358      0  
CD011134     0  3520148      0  
CD011134     0  3518912      0  
CD011134     0  3515109      0  
CD011134     0  3510834      0  
CD011134     0  3510056      0  
CD011134     0  3484753      0  
CD011134     0  3466002      0  
CD011134     0  3462448      1  
CD011134     0  3461200      0  
CD011134     0  3459133      1  
CD011134     0  3024422      0  
CD011134     0  2943876      0  
CD011134     0  2425697      0  
CD011134     0  2423655      1  
CD011134     0  4080962      0  
CD011134     0  4078776      0  
CD011134     0  4075992      1  
CD011134     0  4073358      0  
CD011134     0  4072082      0  
CD011134     0  4071492      1  
CD011134     0  4064042      0  
CD011134     0  4048893      1  
CD011134     0  4047445      0  
CD011134     0  4037904      0  
CD011134     0  4017165      0  
CD011134     0  4000309      0  
CD011134     0  3992446      0  
CD011134     0  3988951      0  
CD011134     0  3984558      0  
CD011134     0  3983380      0  
CD011134     0  3982037      0  
CD011134     0  3971300      0  
CD011134     0  3971297      1  
CD011134     0  3970315      1  
CD011134     0  3918217      1  
CD011134     0  3916663      0  
CD011134     0  3904030      0  
CD011134     0  3903552      0  
CD011134     0  3899545      0  
CD011134     0  3899260      0  
CD011134     0  3897618      0  
CD011134     0  3871566      1  
CD011134     0  3864628      1  
CD011134     0  3863968      0  
CD011134     0  3861884      0  
CD011134     0  3861231      0  
CD011134     0  3860677      0  
CD011134     0  3856076      1  
CD011134     0  3830268      0  
CD011134     0  2996749      0  
CD011134     0  2986820      0  
CD011134     0  2939709      0  
CD011134     0  2416985      0  
CD011134     0  2416441      0  
CD011134     0  2412188      0  
CD011134     0  6749100      0  
CD011134     0  6748525      0  
CD011134     0  6742623      0  
CD011134     0  6736371      0  
CD011134     0  6733018      1  
CD011134     0  6724983      0  
CD011134     0  6710317      0  
CD011134     0  6703792      0  
CD011134     0  6699670      0  
CD011134     0  6696454      0  
CD011134     0  6692277      0  
CD011134     0  6691692      0  
CD011134     0  6689962      1  
CD011134     0  6599115      0  
CD011134     0  6591858      0  
CD011134     0  6582896      0  
CD011134     0  6537546      0  
CD011134     0  6529177      0  
CD011134     0  6529171      0  
CD011134     0  6513031      0  
CD011134     0  6509799      0  
CD011134     0  6507742      1  
CD011134     0  6504398      1  
CD011134     0  6499621      0  
CD011134     0  6495695      0  
CD011134     0  6484790      0  
CD011134     0  6484244      0  
CD011134     0  6472663      0  
CD011134     0  6464483      1  
CD011134     0  6418372      0  
CD011134     0  6394125      0  
CD011134     0  6385811      0  
CD011134     0  6384888      0  
CD011134     0  6376291      0  
CD011134     0  6375928      0  
CD011134     0  6374276      0  
CD011134     0  6372985      0  
CD011134     0  6370155      0  
CD011134     0  6324604      0  
CD011134     0  6204834      0  
CD011134     0  6201959      0  
CD011134     0  6888730      1  
CD011134     0  6883391      0  
CD011134     0  6858539      1  
CD011134     0  6857457      0  
CD011134     0  6857209      1  
CD011134     0  6855273      0  
CD011134     0  6839898      0  
CD011134     0  6837892      0  
CD011134     0  6830687      0  
CD011134     0  6824311      0  
CD011134     0  6676645      0  
CD011134     0  6634422      1  
CD011134     0  6632903      0  
CD011134     0  6632761      0  
CD011134     0  6623661      1  
CD011134     0  6613142      0  
CD011134     0  6605069      0  
CD011134     0  6572745      0  
CD011134     0  6418238      0  
CD011134     0  6416572      0  
CD011134     0  6413891      0  
CD011134     0  6404406      1  
CD011134     0  6373575      0  
CD011134     0  6354822      1  
CD011134     0  6350964      0  
CD011134     0  6342292      0  
CD011134     0  6311999      0  
CD011134     0  6295871      0  
CD011134     0  6194734      0  
CD011134     0  6192917      0  
CD011134     0  6189579      0  
CD011134     0  6133709      1  
CD011134     0  7171456      0  
CD011134     0  7148317      1  
CD011134     0  7139558      0  
CD011134     0  7139557      0  
CD011134     0  7133984      0  
CD011134     0  7126423      1  
CD011134     0  7117058      0  
CD011134     0  7116619      0  
CD011134     0  7103688      1  
CD011134     0  7083148      0  
CD011134     0  7078797      0  
CD011134     0  7071049      0  
CD011134     0  7068816      0  
CD011134     0  7067580      0  
CD011134     0  7067557      1  
CD011134     0  7065347      0  
CD011134     0  7055417      0  
CD011134     0  7046656      1  
CD011134     0  7040549      0  
CD011134     0  6956758      1  
CD011134     0  6889963      0  
CD011134     0  6759373      0  
CD011134     0  6459725      0  
CD011134     0  6284616      0  
CD011134     0  6182592      0  
CD011134     0  6178498      0  
CD011134     0  6175599      0  
CD011134     0  6173181      1  
CD011134     0  6122762      0  
CD011134     0  7466616      0  
CD011134     0  7443173      0  
CD011134     0  7340729      0  
CD011134     0  7318628      1  
CD011134     0  7318620      1  
CD011134     0  7311186      1  
CD011134     0  7310333      1  
CD011134     0  7300722      0  
CD011134     0  7284973      0  
CD011134     0  7273020      0  
CD011134     0  7265973      0  
CD011134     0  7251173      0  
CD011134     0  7248444      1  
CD011134     0  7231281      1  
CD011134     0  7227130      0  
CD011134     0  7226104      0  
CD011134     0  7226032      1  
CD011134     0  7226000      0  
CD011134     0  7222135      0  
CD011134     0  7219141      0  
CD011134     0  7015005      0  
CD011134     0  7012337      0  
CD011134     0  6947782      0  
CD011134     0  6789243      1  
CD011134     0  6167166      0  
CD011134     0  6161696      0  
CD011134     0  7464443      0  
CD011134     0  7455474      0  
CD011134     0  7447529      0  
CD011134     0  7445709      0  
CD011134     0  7439224      1  
CD011134     0  7436700      1  
CD011134     0  7436141      0  
CD011134     0  7418332      1  
CD011134     0  7406353      1  
CD011134     0  7395229      1  
CD011134     0  7388373      0  
CD011134     0  7379666      0  
CD011134     0  7375147      0  
CD011134     0  7369462      1  
CD011134     0  7359922      0  
CD011134     0  7357518      0  
CD011134     0  7357516      0  
CD011134     0  7357243      1  
CD011134     0  7229472      1  
CD011134     0  7212050      1  
CD011134     0  7210977      0  
CD011134     0  7210975      0  
CD011134     0  7204983      0  
CD011134     0  7203206      0  
CD011134     0  6771564      0  
CD011134     0  6446376      0  
CD011134     0  6161497      0  
CD011134     0  6156364      0  
CD011134     0  555768       1  
CD011134     0  547142       0  
CD011134     0  542458       0  
CD011134     0  522488       1  
CD011134     0  496566       0  
CD011134     0  491680       0  
CD011134     0  467173       0  
CD011134     0  451823       0  
CD011134     0  444049       1  
CD011134     0  441601       0  
CD011134     0  431843       1  
CD011134     0  426170       1  
CD011134     0  425796       0  
CD011134     0  420982       0  
CD011134     0  390742       0  
CD011134     0  288947       0  
CD011134     0  227652       0  
CD011134     0  157480       0  
CD011134     0  32794        0  
CD011134     0  32793        0  
CD011134     0  752858       0  
CD011134     0  752590       0  
CD011134     0  732334       0  
CD011134     0  726896       0  
CD011134     0  714113       0  
CD011134     0  709515       0  
CD011134     0  709514       1  
CD011134     0  709512       0  
CD011134     0  709511       0  
CD011134     0  709510       1  
CD011134     0  709509       0  
CD011134     0  702421       0  
CD011134     0  697433       1  
CD011134     0  691162       0  
CD011134     0  684571       1  
CD011134     0  683276       1  
CD011134     0  679156       1  
CD011134     0  647509       0  
CD011134     0  646245       0  
CD011134     0  645542       0  
CD011134     0  637196       0  
CD011134     0  628054       1  
CD011134     0  364839       0  
CD011134     0  354057       0  
CD011134     0  277718       0  
CD011134     0  205963       0  
CD011134     0  101294       0  
CD011134     0  84001        0  
CD011134     0  929129       0  
CD011134     0  858103       0  
CD011134     0  849560       1  
CD011134     0  847376       0  
CD011134     0  832207       0  
CD011134     0  589555       0  
CD011134     0  337257       0  
CD011134     0  273407       0  
CD011134     0  64132        0  
CD011134     0  13805        0  
CD011134     0  1247968      1  
CD011134     0  1247300      1  
CD011134     0  1064149      0  
CD011134     0  1022377      0  
CD011134     0  1021176      0  
CD011134     0  1001864      0  
CD011134     0  1000469      1  
CD011134     0  994637       0  
CD011134     0  994514       0  
CD011134     0  970537       0  
CD011134     0  943151       0  
CD011134     0  63149        0  
CD011134     0  62590        0  
CD011134     0  14755        0  
CD011134     0  1220914      0  
CD011134     0  1220002      1  
CD011134     0  1212660      0  
CD011134     0  1212650      0  
CD011134     0  1212528      0  
CD011134     0  1202621      1  
CD011134     0  1163182      0  
CD011134     0  1154032      0  
CD011134     0  1119871      0  
CD011134     0  1111949      1  
CD011134     0  1080218      0  
CD011134     0  765038       0  
CD011134     0  764963       0  
CD011134     0  163585       0  
CD011134     0  48409        0  
CD011134     0  4846441      0  
CD011134     0  4822906      0  
CD011134     0  4810144      0  
CD011134     0  4605005      0  
CD011134     0  4533942      0  
CD011134     0  4425888      1  
CD011134     0  4421372      0  
CD011134     0  4406144      0  
CD011134     0  4155643      0  
CD011134     0  4154118      0  
CD011134     0  4140265      1  
CD011134     0  4805960      0  
CD011134     0  4121819      0  
CD011134     0  5067755      1  
CD011134     0  5539559      0  
CD011134     0  5164838      0  
