CD010632     0  23300102     0  
CD010632     0  23255822     0  
CD010632     0  23243071     0  
CD010632     0  23242068     0  
CD010632     0  23182881     0  
CD010632     0  23177341     0  
CD010632     0  23047371     0  
CD010632     0  23021038     0  
CD010632     0  22836369     0  
CD010632     0  22713404     0  
CD010632     0  22713376     0  
CD010632     0  22592018     0  
CD010632     0  22503001     0  
CD010632     0  20451868     0  
CD010632     0  21236349     0  
CD010632     0  20451870     0  
CD010632     0  22784036     0  
CD010632     0  20451875     0  
CD010632     0  21911655     0  
CD010632     0  2955353      0  
CD010632     0  1409478      0  
CD010632     0  21376506     0  
CD010632     0  23291028     0  
CD010632     0  23238736     0  
CD010632     0  23210166     0  
CD010632     0  23208196     0  
CD010632     0  23179062     0  
CD010632     0  23172518     0  
CD010632     0  23167933     0  
CD010632     0  23152610     0  
CD010632     0  23142262     0  
CD010632     0  23112868     0  
CD010632     0  23109153     1  
CD010632     0  23106049     0  
CD010632     0  23065791     0  
CD010632     0  23056355     0  
CD010632     0  23050829     0  
CD010632     0  22994619     0  
CD010632     0  22990206     0  
CD010632     0  22989783     0  
CD010632     0  22985800     0  
CD010632     0  22972646     1  
CD010632     0  22929437     0  
CD010632     0  22929226     0  
CD010632     0  22926714     0  
CD010632     0  22914831     0  
CD010632     0  22914828     0  
CD010632     0  22892349     0  
CD010632     0  22889795     0  
CD010632     0  22886562     0  
CD010632     0  22884479     0  
CD010632     0  22880625     0  
CD010632     0  22878982     0  
CD010632     0  22872307     0  
CD010632     0  22868352     0  
CD010632     0  22844733     0  
CD010632     0  22809738     0  
CD010632     0  22796873     0  
CD010632     0  22795494     0  
CD010632     0  22777857     0  
CD010632     0  22700814     0  
CD010632     0  22700745     0  
CD010632     0  22694975     0  
CD010632     0  22691528     0  
CD010632     0  22691524     0  
CD010632     0  22691507     0  
CD010632     0  22684530     0  
CD010632     0  22677678     0  
CD010632     0  22665450     0  
CD010632     0  22653791     0  
CD010632     0  22633443     0  
CD010632     0  22628162     0  
CD010632     0  22610458     0  
CD010632     0  22596272     0  
CD010632     0  22577238     0  
CD010632     0  22572706     0  
CD010632     0  22566505     0  
CD010632     0  22556189     0  
CD010632     0  22551733     0  
CD010632     0  22542623     0  
CD010632     0  22531416     0  
CD010632     0  22526956     0  
CD010632     0  22510256     0  
CD010632     0  22488240     0  
CD010632     0  22460159     0  
CD010632     0  22457741     1  
CD010632     0  22441582     1  
CD010632     0  22410450     0  
CD010632     0  22383132     0  
CD010632     0  22365486     1  
CD010632     0  22359740     0  
CD010632     0  22348880     0  
CD010632     0  22343644     0  
CD010632     0  22343502     0  
CD010632     0  22342372     0  
CD010632     0  22302548     0  
CD010632     0  22297644     1  
CD010632     0  22287381     0  
CD010632     0  22285638     0  
CD010632     0  22270508     0  
CD010632     0  22250011     0  
CD010632     0  22233763     0  
CD010632     0  22226798     0  
CD010632     0  22213821     0  
CD010632     0  22196862     0  
CD010632     0  22188720     0  
CD010632     0  22184615     0  
CD010632     0  22173784     0  
CD010632     0  22166456     0  
CD010632     0  22166451     0  
CD010632     0  22115832     0  
CD010632     0  22108203     0  
CD010632     0  22081102     0  
CD010632     0  22079258     0  
CD010632     0  22057028     0  
CD010632     0  22051030     0  
CD010632     0  22050286     0  
CD010632     0  22047634     0  
CD010632     0  22044023     0  
CD010632     0  22041339     0  
CD010632     0  22018896     0  
CD010632     0  21983184     0  
CD010632     0  21907609     0  
CD010632     0  21879327     0  
CD010632     0  21839829     0  
CD010632     0  21821316     0  
CD010632     0  21721045     0  
CD010632     0  21679929     0  
CD010632     0  21674695     0  
CD010632     0  21514691     0  
CD010632     0  20961663     0  
CD010632     0  20688420     0  
CD010632     0  20417582     0  
CD010632     0  22368970     0  
CD010632     0  22188660     0  
CD010632     0  22188635     0  
CD010632     0  22106763     0  
CD010632     0  22096518     0  
CD010632     0  22094481     0  
CD010632     0  22091601     0  
CD010632     0  22087438     0  
CD010632     0  22044532     0  
CD010632     0  21987563     0  
CD010632     0  21987546     0  
CD010632     0  21983241     0  
CD010632     0  21971479     0  
CD010632     0  21971473     0  
CD010632     0  21971457     0  
CD010632     0  21971455     0  
CD010632     0  21958648     0  
CD010632     0  21951958     0  
CD010632     0  21940621     0  
CD010632     0  21914395     0  
CD010632     0  21889117     0  
CD010632     0  21876255     0  
CD010632     0  21856969     0  
CD010632     0  21852199     0  
CD010632     0  21846988     0  
CD010632     0  21841458     0  
CD010632     0  21813680     0  
CD010632     0  21801803     0  
CD010632     0  21795034     0  
CD010632     0  21792570     0  
CD010632     0  21764801     1  
CD010632     0  21762928     0  
CD010632     0  21741446     0  
CD010632     0  21737797     0  
CD010632     0  21722919     0  
CD010632     0  21718750     0  
CD010632     0  21718326     0  
CD010632     0  21716034     0  
CD010632     0  21677252     0  
CD010632     0  21675596     0  
CD010632     0  21670386     1  
CD010632     0  21646331     0  
CD010632     0  21640440     0  
CD010632     0  21630036     0  
CD010632     0  21629258     0  
CD010632     0  21619913     0  
CD010632     0  21596699     0  
CD010632     0  21590591     0  
CD010632     0  21585059     0  
CD010632     0  21571793     0  
CD010632     0  21571787     0  
CD010632     0  21568913     0  
CD010632     0  21543189     0  
CD010632     0  21532538     0  
CD010632     0  21529844     0  
CD010632     0  21525424     0  
CD010632     0  21502595     0  
CD010632     0  21498904     0  
CD010632     0  21490054     0  
CD010632     0  21471644     0  
CD010632     0  21459091     0  
CD010632     0  21448943     0  
CD010632     0  21429865     0  
CD010632     0  21382329     0  
CD010632     0  21370274     0  
CD010632     0  21329844     0  
CD010632     0  21325773     0  
CD010632     0  21325653     0  
CD010632     0  21321269     0  
CD010632     0  21318476     0  
CD010632     0  21297272     0  
CD010632     0  21284041     0  
CD010632     0  21280088     0  
CD010632     0  21276863     0  
CD010632     0  21276856     0  
CD010632     0  21275607     0  
CD010632     0  21195652     0  
CD010632     0  21157026     0  
CD010632     0  21149866     0  
CD010632     0  21149491     0  
CD010632     0  21134418     0  
CD010632     0  21098981     0  
CD010632     0  21094210     0  
CD010632     0  21087362     0  
CD010632     0  21075154     0  
CD010632     0  21059987     0  
CD010632     0  20959851     0  
CD010632     0  20946703     0  
CD010632     0  20945377     0  
CD010632     0  20888920     0  
CD010632     0  20886575     0  
CD010632     0  20880270     0  
CD010632     0  20847637     0  
CD010632     0  20844871     0  
CD010632     0  20837822     0  
CD010632     0  20571819     0  
CD010632     0  20571524     0  
CD010632     0  20538374     0  
CD010632     0  19796846     0  
CD010632     0  19660834     1  
CD010632     0  21176034     0  
CD010632     0  21097123     0  
CD010632     0  21091314     0  
CD010632     0  21071950     0  
CD010632     0  21051671     0  
CD010632     0  20977325     0  
CD010632     0  20962637     0  
CD010632     0  20952104     0  
CD010632     0  20935035     0  
CD010632     0  20930300     0  
CD010632     0  20870446     0  
CD010632     0  20861634     0  
CD010632     0  20860570     0  
CD010632     0  20859325     0  
CD010632     0  20858977     0  
CD010632     0  20847408     0  
CD010632     0  20847161     0  
CD010632     0  20837971     0  
CD010632     0  20810758     0  
CD010632     0  20738809     0  
CD010632     0  20733303     0  
CD010632     0  20705437     0  
CD010632     0  20697052     0  
CD010632     0  20693641     0  
CD010632     0  20688814     0  
CD010632     0  20687206     0  
CD010632     0  20680268     0  
CD010632     0  20678521     0  
CD010632     0  20669302     0  
CD010632     0  20664945     0  
CD010632     0  20646515     0  
CD010632     0  20632026     1  
CD010632     0  20616567     0  
CD010632     0  20613678     0  
CD010632     0  20606450     0  
CD010632     0  20605004     0  
CD010632     0  20600914     0  
CD010632     0  20598287     0  
CD010632     0  20592257     1  
CD010632     0  20570399     0  
CD010632     0  20555143     0  
CD010632     0  20548124     0  
CD010632     0  20544814     0  
CD010632     0  20541287     0  
CD010632     0  20539026     0  
CD010632     0  20521490     0  
CD010632     0  20488678     0  
CD010632     0  20472978     0  
CD010632     0  20471478     0  
CD010632     0  20457960     0  
CD010632     0  20455860     0  
CD010632     0  20451880     0  
CD010632     0  20448204     0  
CD010632     0  20447873     0  
CD010632     0  20447845     0  
CD010632     0  20439507     0  
CD010632     0  20438629     0  
CD010632     0  20430977     0  
CD010632     0  20385913     0  
CD010632     0  20385910     0  
CD010632     0  20385255     0  
CD010632     0  20385246     0  
CD010632     0  20373343     0  
CD010632     0  20368139     0  
CD010632     0  20351351     0  
CD010632     0  20332639     0  
CD010632     0  20299441     0  
CD010632     0  20237871     0  
CD010632     0  20220580     0  
CD010632     0  20220321     0  
CD010632     0  20220122     0  
CD010632     0  20206704     0  
CD010632     0  20205671     0  
CD010632     0  20202480     0  
CD010632     0  20182039     0  
CD010632     0  20181924     0  
CD010632     0  20177696     0  
CD010632     0  20164587     0  
CD010632     0  20164554     0  
CD010632     0  20163446     0  
CD010632     0  20157257     0  
CD010632     0  20154432     0  
CD010632     0  20139997     0  
CD010632     0  20138537     0  
CD010632     0  20129319     0  
CD010632     0  20110699     0  
CD010632     0  20089913     0  
CD010632     0  20083042     0  
CD010632     0  20080878     0  
CD010632     0  20074912     0  
CD010632     0  20069587     0  
CD010632     0  20065247     0  
CD010632     0  20065135     0  
CD010632     0  20061645     0  
CD010632     0  20061644     0  
CD010632     0  20056559     0  
CD010632     0  20053378     0  
CD010632     0  20050899     0  
CD010632     0  19967597     0  
CD010632     0  19949924     0  
CD010632     0  19946781     0  
CD010632     0  19939228     1  
CD010632     0  19900556     0  
CD010632     0  19861888     0  
CD010632     0  19840821     0  
CD010632     0  19774437     0  
CD010632     0  19770055     0  
CD010632     0  19725833     0  
CD010632     0  19715400     0  
CD010632     0  19703569     0  
CD010632     0  19693778     0  
CD010632     0  19662411     1  
CD010632     0  19631758     0  
CD010632     0  19568153     0  
CD010632     0  19021829     0  
CD010632     0  19018949     0  
CD010632     0  18789830     0  
CD010632     0  20104059     0  
CD010632     0  20092161     0  
CD010632     0  20016455     1  
CD010632     0  20008650     0  
CD010632     0  19964722     0  
CD010632     0  19940172     0  
CD010632     0  19938684     0  
CD010632     0  19924379     0  
CD010632     0  19858081     0  
CD010632     0  19847051     0  
CD010632     0  19847047     0  
CD010632     0  19836618     0  
CD010632     0  19833956     0  
CD010632     0  19819300     0  
CD010632     0  19783409     0  
CD010632     0  19779798     0  
CD010632     0  19777328     0  
CD010632     0  19765835     0  
CD010632     0  19759102     0  
CD010632     0  19726751     0  
CD010632     0  19689235     0  
CD010632     0  19664363     0  
CD010632     0  19632119     0  
CD010632     0  19617724     0  
CD010632     0  19617327     0  
CD010632     0  19598133     0  
CD010632     0  19587325     0  
CD010632     0  19575014     0  
CD010632     0  19568152     0  
CD010632     0  19562770     0  
CD010632     0  19560101     0  
CD010632     0  19514068     0  
CD010632     0  19506143     0  
CD010632     0  19491642     0  
CD010632     0  19489069     0  
CD010632     0  19487843     0  
CD010632     0  19478666     0  
CD010632     0  19477964     0  
CD010632     0  19474411     0  
CD010632     0  19463961     0  
CD010632     0  19460543     0  
CD010632     0  19454846     0  
CD010632     0  19449370     0  
CD010632     0  19443597     0  
CD010632     0  19440558     0  
CD010632     0  19439965     0  
CD010632     0  19433663     0  
CD010632     0  19416953     0  
CD010632     0  19414715     0  
CD010632     0  19394959     0  
CD010632     0  19383438     0  
CD010632     0  19368900     0  
CD010632     0  19349228     0  
CD010632     0  19342545     0  
CD010632     0  19332421     0  
CD010632     0  19330195     0  
CD010632     0  19300878     0  
CD010632     0  19296551     0  
CD010632     0  19281227     0  
CD010632     0  19280185     0  
CD010632     0  19269116     0  
CD010632     0  19237703     0  
CD010632     0  19236162     0  
CD010632     0  19219430     0  
CD010632     0  19199357     0  
CD010632     0  19184324     0  
CD010632     0  19182462     0  
CD010632     0  19182460     0  
CD010632     0  19173332     0  
CD010632     0  19153155     0  
CD010632     0  19153152     0  
CD010632     0  19142633     0  
CD010632     0  19139300     0  
CD010632     0  19138335     0  
CD010632     0  19137294     0  
CD010632     0  19124140     0  
CD010632     0  19100808     0  
CD010632     0  19087899     0  
CD010632     0  19058816     0  
CD010632     0  19040787     1  
CD010632     0  19021838     0  
CD010632     0  19005175     0  
CD010632     0  19001534     0  
CD010632     0  19001354     0  
CD010632     0  18985324     0  
CD010632     0  18977818     0  
CD010632     0  18948965     0  
CD010632     0  18790818     0  
CD010632     0  18691659     0  
CD010632     0  18255191     0  
CD010632     0  18178291     0  
CD010632     0  17630048     0  
CD010632     0  19899564     0  
CD010632     0  19641249     0  
CD010632     0  19388323     0  
CD010632     0  19142702     0  
CD010632     0  19080710     0  
CD010632     0  19076441     0  
CD010632     0  19073399     0  
CD010632     0  19038899     0  
CD010632     0  19030774     0  
CD010632     0  18997034     0  
CD010632     0  18991338     0  
CD010632     0  18984958     0  
CD010632     0  18974648     0  
CD010632     0  18936426     1  
CD010632     0  18852360     0  
CD010632     0  18852340     0  
CD010632     0  18843572     0  
CD010632     0  18841015     0  
CD010632     0  18833506     0  
CD010632     0  18828700     0  
CD010632     0  18810603     0  
CD010632     0  18803648     0  
CD010632     0  18779428     0  
CD010632     0  18769307     0  
CD010632     0  18707012     0  
CD010632     0  18695050     0  
CD010632     0  18661129     0  
CD010632     0  18648805     1  
CD010632     0  18631997     0  
CD010632     0  18631432     0  
CD010632     0  18625665     0  
CD010632     0  18606218     0  
CD010632     0  18599962     0  
CD010632     0  18586865     0  
CD010632     0  18566819     0  
CD010632     0  18550759     0  
CD010632     0  18500575     0  
CD010632     0  18496445     0  
CD010632     0  18477846     0  
CD010632     0  18474742     0  
CD010632     0  18458605     0  
CD010632     0  18451225     0  
CD010632     0  18439926     0  
CD010632     0  18433968     0  
CD010632     0  18430441     0  
CD010632     0  18418593     0  
CD010632     0  18395614     0  
CD010632     0  18376055     0  
CD010632     0  18367705     0  
CD010632     0  18359666     0  
CD010632     0  18358666     0  
CD010632     0  18344436     0  
CD010632     0  18332434     0  
CD010632     0  18300284     0  
CD010632     0  18287270     0  
CD010632     0  18284428     0  
CD010632     0  18283251     0  
CD010632     0  18280754     0  
CD010632     0  18227990     0  
CD010632     0  18207114     0  
CD010632     0  18187156     0  
CD010632     0  18178568     0  
CD010632     0  18165848     0  
CD010632     0  18063588     0  
CD010632     0  18025784     0  
CD010632     0  18023012     0  
CD010632     0  17962045     0  
CD010632     0  17917455     0  
CD010632     0  17720148     0  
CD010632     0  17635973     0  
CD010632     0  17499392     0  
CD010632     0  17222480     0  
CD010632     0  18445747     0  
CD010632     0  18445746     0  
CD010632     0  18430983     0  
CD010632     0  18160631     0  
CD010632     0  18067136     0  
CD010632     0  18048105     0  
CD010632     0  18021379     0  
CD010632     0  18003925     0  
CD010632     0  17979566     0  
CD010632     0  17952007     0  
CD010632     0  17941855     0  
CD010632     0  17938373     0  
CD010632     0  17934882     0  
CD010632     0  17923638     0  
CD010632     0  17917583     0  
CD010632     0  17907600     0  
CD010632     0  17898350     0  
CD010632     0  17893097     0  
CD010632     0  17887964     0  
CD010632     0  17877736     0  
CD010632     0  17852756     0  
CD010632     0  17846410     0  
CD010632     0  17710395     0  
CD010632     0  17704526     0  
CD010632     0  17634878     0  
CD010632     0  17631544     0  
CD010632     0  17620873     0  
CD010632     0  17620493     0  
CD010632     0  17616482     0  
CD010632     0  17613112     0  
CD010632     0  17600509     0  
CD010632     0  17574502     0  
CD010632     0  17566762     0  
CD010632     0  17562930     0  
CD010632     0  17561953     0  
CD010632     0  17559814     0  
CD010632     0  17558256     0  
CD010632     0  17548777     0  
CD010632     0  17545731     0  
CD010632     0  17544447     0  
CD010632     0  17533975     0  
CD010632     0  17531450     1  
CD010632     0  17524628     1  
CD010632     0  17524307     0  
CD010632     0  17515747     0  
CD010632     0  17506892     0  
CD010632     0  17494666     0  
CD010632     0  17481663     0  
CD010632     0  17479980     0  
CD010632     0  17478085     0  
CD010632     0  17475957     0  
CD010632     0  17457029     0  
CD010632     0  17455105     0  
CD010632     0  17446028     0  
CD010632     0  17413016     0  
CD010632     0  17413018     0  
CD010632     0  17412610     0  
CD010632     0  17406865     0  
CD010632     0  17400599     0  
CD010632     0  17400326     0  
CD010632     0  17385079     0  
CD010632     0  17381257     0  
CD010632     0  17321756     0  
CD010632     0  17299049     0  
CD010632     0  17260333     0  
CD010632     0  17254803     0  
CD010632     0  17219132     0  
CD010632     0  17218157     0  
CD010632     0  17202431     0  
CD010632     0  17200485     0  
CD010632     0  17196872     0  
CD010632     0  17184752     0  
CD010632     0  17065593     0  
CD010632     0  16979268     0  
CD010632     0  16914245     0  
CD010632     0  16448722     0  
CD010632     0  17432181     0  
CD010632     0  17168714     0  
CD010632     0  17135378     0  
CD010632     0  17134649     0  
CD010632     0  17134017     0  
CD010632     0  17129828     0  
CD010632     0  17129196     0  
CD010632     0  17109700     0  
CD010632     0  17101904     0  
CD010632     0  17079810     0  
CD010632     0  17067234     0  
CD010632     0  17065334     0  
CD010632     0  17030755     0  
CD010632     0  17028562     0  
CD010632     0  17000469     0  
CD010632     0  16999337     0  
CD010632     0  16983677     0  
CD010632     0  16954690     0  
CD010632     0  16945208     0  
CD010632     0  16943169     0  
CD010632     0  16942758     0  
CD010632     0  16926555     0  
CD010632     0  16905334     0  
CD010632     0  16895260     0  
CD010632     0  16854944     0  
CD010632     0  16838258     0  
CD010632     0  16816017     0  
CD010632     0  16762862     0  
CD010632     0  16720178     0  
CD010632     0  16709580     0  
CD010632     0  16679762     0  
CD010632     0  16650436     0  
CD010632     0  16626746     0  
CD010632     0  16585474     0  
CD010632     0  16552500     0  
CD010632     0  16551131     0  
CD010632     0  16550383     0  
CD010632     0  16549415     0  
CD010632     0  16546680     0  
CD010632     0  16544964     0  
CD010632     0  16534207     0  
CD010632     0  16510269     0  
CD010632     0  16496032     0  
CD010632     0  16493230     0  
CD010632     0  16470518     0  
CD010632     0  16455626     0  
CD010632     0  16452658     0  
CD010632     0  16435412     0  
CD010632     0  16385090     0  
CD010632     0  16330501     0  
CD010632     0  16311757     0  
CD010632     0  16300967     0  
CD010632     0  16298237     0  
CD010632     0  16292330     0  
CD010632     0  16258980     0  
CD010632     0  16247783     0  
CD010632     0  16049637     0  
CD010632     0  16601791     0  
CD010632     0  16424838     0  
CD010632     0  16405264     0  
CD010632     0  16400422     0  
CD010632     0  16305967     0  
CD010632     0  16301490     0  
CD010632     0  16286547     1  
CD010632     0  16286436     0  
CD010632     0  16283181     0  
CD010632     0  16283180     0  
CD010632     0  16254400     0  
CD010632     0  16253483     0  
CD010632     0  16240413     0  
CD010632     0  16237363     0  
CD010632     0  16204723     0  
CD010632     0  16204712     1  
CD010632     0  16192725     0  
CD010632     0  16186542     0  
CD010632     0  16158388     0  
CD010632     0  16158009     0  
CD010632     0  16134735     0  
CD010632     0  16110274     0  
CD010632     0  16110265     0  
CD010632     0  16109494     0  
CD010632     0  16107352     0  
CD010632     0  16095568     0  
CD010632     0  16087769     0  
CD010632     0  16000985     0  
CD010632     0  15978784     0  
CD010632     0  15966270     0  
CD010632     0  15955934     0  
CD010632     0  15937303     0  
CD010632     0  15932949     0  
CD010632     0  15929923     0  
CD010632     0  15918959     0  
CD010632     0  15912277     0  
CD010632     0  15888536     0  
CD010632     0  15856757     0  
CD010632     0  15844669     0  
CD010632     0  15814932     0  
CD010632     0  15809406     0  
CD010632     0  15792822     0  
CD010632     0  15747152     0  
CD010632     0  15734937     0  
CD010632     0  15734362     0  
CD010632     0  15728305     0  
CD010632     0  15728285     0  
CD010632     0  15726251     0  
CD010632     0  15722899     0  
CD010632     0  15708297     0  
CD010632     0  15705358     0  
CD010632     0  15695781     0  
CD010632     0  15668960     0  
CD010632     0  15654552     0  
CD010632     0  15642911     0  
CD010632     0  15629765     0  
CD010632     0  15607989     0  
CD010632     0  15582750     0  
CD010632     0  15383742     0  
CD010632     0  15997594     0  
CD010632     0  15876977     0  
CD010632     0  15738860     0  
CD010632     0  15687960     0  
CD010632     0  15651325     0  
CD010632     0  15623696     1  
CD010632     0  15616176     0  
CD010632     0  15598550     0  
CD010632     0  15598092     0  
CD010632     0  15570509     0  
CD010632     0  15551110     0  
CD010632     0  15489396     0  
CD010632     0  15462408     0  
CD010632     0  15453435     0  
CD010632     0  15380113     0  
CD010632     0  15365793     0  
CD010632     0  15324364     0  
CD010632     0  15312816     0  
CD010632     0  15312279     0  
CD010632     0  15277616     0  
CD010632     0  15258221     0  
CD010632     0  15249822     0  
CD010632     0  15241294     0  
CD010632     0  15237081     0  
CD010632     0  15212830     0  
CD010632     0  15178938     0  
CD010632     0  15172055     0  
CD010632     0  15164821     0  
CD010632     0  15118552     0  
CD010632     0  15114201     0  
CD010632     0  15110005     0  
CD010632     0  15093144     0  
CD010632     0  15084791     0  
CD010632     0  15070770     0  
CD010632     0  15061823     0  
CD010632     0  15033184     0  
CD010632     0  15019393     0  
CD010632     0  15017012     0  
CD010632     0  15013462     0  
CD010632     0  15009230     0  
CD010632     0  15001677     0  
CD010632     0  14999034     0  
CD010632     0  14991808     0  
CD010632     0  14966149     0  
CD010632     0  14759630     0  
CD010632     0  14754772     0  
CD010632     0  14748211     0  
CD010632     0  14741650     0  
CD010632     0  14732628     0  
CD010632     0  14722656     0  
CD010632     0  14706946     0  
CD010632     0  14691075     0  
CD010632     0  14690773     0  
CD010632     0  14688411     0  
CD010632     0  14607797     0  
CD010632     0  15098340     0  
CD010632     0  14715441     0  
CD010632     0  14678804     0  
CD010632     0  14636327     0  
CD010632     0  14627060     0  
CD010632     0  14622168     0  
CD010632     0  14617709     0  
CD010632     0  14598067     0  
CD010632     0  14597319     0  
CD010632     0  14571840     0  
CD010632     0  14569826     0  
CD010632     0  14568131     0  
CD010632     0  14561431     0  
CD010632     0  14561428     0  
CD010632     0  14512720     0  
CD010632     0  13677801     0  
CD010632     0  12971119     0  
CD010632     0  12960545     0  
CD010632     0  12955216     0  
CD010632     0  12955214     0  
CD010632     0  12953266     0  
CD010632     0  12940841     0  
CD010632     0  12935418     0  
CD010632     0  12925932     0  
CD010632     0  12915072     0  
CD010632     0  12902311     0  
CD010632     0  12867268     0  
CD010632     0  12861957     0  
CD010632     0  12850504     0  
CD010632     0  12842717     0  
CD010632     0  12824811     0  
CD010632     0  12823502     0  
CD010632     0  12821520     0  
CD010632     0  12819409     0  
CD010632     0  12812674     0  
CD010632     0  12805099     0  
CD010632     0  12791811     0  
CD010632     0  12790355     0  
CD010632     0  12764551     1  
CD010632     0  12754348     0  
CD010632     0  12707450     1  
CD010632     0  12701730     0  
CD010632     0  12695884     0  
CD010632     0  12690052     0  
CD010632     0  12684722     0  
CD010632     0  12649841     0  
CD010632     0  12640074     0  
CD010632     0  12620967     0  
CD010632     0  12611746     0  
CD010632     0  12611744     0  
CD010632     0  12605357     0  
CD010632     0  12603252     0  
CD010632     0  12597083     0  
CD010632     0  12589881     0  
CD010632     0  12589106     0  
CD010632     0  12588917     0  
CD010632     0  12566775     0  
CD010632     0  12562582     0  
CD010632     0  12556576     0  
CD010632     0  12483414     0  
CD010632     0  12809079     0  
CD010632     0  12636180     0  
CD010632     0  12593416     0  
CD010632     0  12547232     0  
CD010632     0  12502015     0  
CD010632     0  12489916     0  
CD010632     0  12480793     0  
CD010632     0  12480778     0  
CD010632     0  12480743     0  
CD010632     0  12470805     0  
CD010632     0  12465076     0  
CD010632     0  12458405     0  
CD010632     0  12433266     0  
CD010632     0  12417640     0  
CD010632     0  12417392     0  
CD010632     0  12404764     0  
CD010632     0  12395473     0  
CD010632     0  12382987     0  
CD010632     0  12368664     0  
CD010632     0  12362416     0  
CD010632     0  12355885     0  
CD010632     0  12296553     0  
CD010632     0  12271417     0  
CD010632     0  12271401     0  
CD010632     0  12242551     0  
CD010632     0  12227833     0  
CD010632     0  12215880     0  
CD010632     0  12215596     0  
CD010632     0  12213612     0  
CD010632     0  12177371     0  
CD010632     0  12138659     0  
CD010632     0  12127672     0  
CD010632     0  12124483     0  
CD010632     0  12111472     0  
CD010632     0  12111302     0  
CD010632     0  12111130     0  
CD010632     0  12084445     0  
CD010632     0  12077921     0  
CD010632     0  11986126     0  
CD010632     0  11960900     0  
CD010632     0  11925778     0  
CD010632     0  11864808     0  
CD010632     0  11853990     0  
CD010632     0  11849397     0  
CD010632     0  11834198     0  
CD010632     0  11814222     0  
CD010632     0  11595260     0  
CD010632     0  11851030     0  
CD010632     0  11829209     0  
CD010632     0  11748785     0  
CD010632     0  11748732     0  
CD010632     0  11744784     0  
CD010632     0  11696626     0  
CD010632     0  11694153     0  
CD010632     0  11677392     0  
CD010632     0  11606679     0  
CD010632     0  11602028     0  
CD010632     0  11591846     0  
CD010632     0  11558792     0  
CD010632     0  11548935     0  
CD010632     0  11530420     0  
CD010632     0  11526211     0  
CD010632     0  11516556     0  
CD010632     0  11511703     0  
CD010632     0  11502825     0  
CD010632     0  11486103     0  
CD010632     0  11472860     0  
CD010632     0  11468301     0  
CD010632     0  11445252     0  
CD010632     0  11425920     0  
CD010632     0  11416945     0  
CD010632     0  11416738     0  
CD010632     0  11398009     0  
CD010632     0  11383748     0  
CD010632     0  11371277     0  
CD010632     0  11337540     0  
CD010632     0  11328693     0  
CD010632     0  11327121     0  
CD010632     0  11294935     0  
CD010632     0  11294039     0  
CD010632     0  11277595     1  
CD010632     0  11255457     0  
CD010632     0  11255453     0  
CD010632     0  11248079     0  
CD010632     0  11244212     0  
CD010632     0  11240589     0  
CD010632     0  11230872     0  
CD010632     0  11177754     0  
CD010632     0  11173892     0  
CD010632     0  11173879     0  
CD010632     0  11125237     0  
CD010632     0  11458998     0  
CD010632     0  11215401     0  
CD010632     0  11148954     0  
CD010632     0  11147408     0  
CD010632     0  11145458     0  
CD010632     0  11130527     0  
CD010632     0  11128979     0  
CD010632     0  11123521     0  
CD010632     0  11117843     0  
CD010632     0  11090722     0  
CD010632     0  11079505     0  
CD010632     0  11079492     0  
CD010632     0  11074792     0  
CD010632     0  11051227     0  
CD010632     0  11018498     0  
CD010632     0  11011970     0  
CD010632     0  11002357     0  
CD010632     0  10994014     0  
CD010632     0  10969937     0  
CD010632     0  10969905     0  
CD010632     0  10965365     0  
CD010632     0  10944013     0  
CD010632     0  10939570     0  
CD010632     0  10926955     0  
CD010632     0  10923659     0  
CD010632     0  10901454     0  
CD010632     0  10893065     0  
CD010632     0  10885333     0  
CD010632     0  10878734     0  
CD010632     0  10869578     0  
CD010632     0  10867215     0  
CD010632     0  10866105     0  
CD010632     0  10865093     0  
CD010632     0  10865088     0  
CD010632     0  10849910     0  
CD010632     0  10846718     0  
CD010632     0  10845666     0  
CD010632     0  10843517     0  
CD010632     0  10818514     0  
CD010632     0  10811879     0  
CD010632     0  10802790     0  
CD010632     0  10802786     0  
CD010632     0  10802765     0  
CD010632     0  10784521     0  
CD010632     0  10782769     0  
CD010632     0  10768568     0  
CD010632     0  10768561     0  
CD010632     0  10768170     0  
CD010632     0  10768169     0  
CD010632     0  10765044     0  
CD010632     0  10750353     0  
CD010632     0  10739631     0  
CD010632     0  10720291     0  
CD010632     0  10720282     0  
CD010632     0  10705939     0  
CD010632     0  10699406     0  
CD010632     0  10698414     0  
CD010632     0  10695031     0  
CD010632     0  10694846     0  
CD010632     0  10680783     0  
CD010632     0  10680688     0  
CD010632     0  10678516     0  
CD010632     0  10648441     0  
CD010632     0  10645739     0  
CD010632     0  10634523     0  
CD010632     0  10676530     0  
CD010632     0  10672264     0  
CD010632     0  10672235     0  
CD010632     0  10666680     0  
CD010632     0  10662962     0  
CD010632     0  10654100     0  
CD010632     0  10654093     0  
CD010632     0  10637939     0  
CD010632     0  10637936     0  
CD010632     0  10616886     0  
CD010632     0  10609685     0  
CD010632     0  10604746     0  
CD010632     0  10599878     0  
CD010632     0  10599766     0  
CD010632     0  10581228     0  
CD010632     0  10559570     0  
CD010632     0  10559569     0  
CD010632     0  10559566     0  
CD010632     0  10549796     0  
CD010632     0  10548999     0  
CD010632     0  10544727     0  
CD010632     0  10533455     0  
CD010632     0  10526199     0  
CD010632     0  10521554     0  
CD010632     0  10515194     0  
CD010632     0  10481106     0  
CD010632     0  10460992     0  
CD010632     0  10457954     0  
CD010632     0  10449557     0  
CD010632     0  10448800     0  
CD010632     0  10433321     0  
CD010632     0  10430835     0  
CD010632     0  10424684     0  
CD010632     0  10417247     0  
CD010632     0  10404982     0  
CD010632     0  10386531     0  
CD010632     0  10378729     0  
CD010632     0  10377793     0  
CD010632     0  10371072     0  
CD010632     0  10362910     0  
CD010632     0  10347729     0  
CD010632     0  10320212     0  
CD010632     0  10210919     0  
CD010632     0  10207924     0  
CD010632     0  10203099     0  
CD010632     0  10199337     0  
CD010632     0  10189618     0  
CD010632     0  10094234     1  
CD010632     0  10080567     0  
CD010632     0  10078879     0  
CD010632     0  10078712     0  
CD010632     0  10066852     0  
CD010632     0  10029564     0  
CD010632     0  10025784     0  
CD010632     0  10025719     0  
CD010632     0  9933347      0  
CD010632     0  10785837     0  
CD010632     0  9876966      0  
CD010632     0  9870415      0  
CD010632     0  9869321      0  
CD010632     0  9866823      0  
CD010632     0  9859121      0  
CD010632     0  9855541      0  
CD010632     0  9854970      0  
CD010632     0  9847667      0  
CD010632     0  9829574      0  
CD010632     0  9813789      0  
CD010632     0  9796365      0  
CD010632     0  9785148      0  
CD010632     0  9780089      0  
CD010632     0  9772028      0  
CD010632     0  9769444      0  
CD010632     0  9769027      0  
CD010632     0  9749568      0  
CD010632     0  9708558      0  
CD010632     0  9700661      0  
CD010632     0  9686785      0  
CD010632     0  9682940      0  
CD010632     0  9674793      0  
CD010632     0  9674792      0  
CD010632     0  9674790      0  
CD010632     0  9647302      0  
CD010632     0  9637279      0  
CD010632     0  9633698      0  
CD010632     0  9605717      0  
CD010632     0  9597659      0  
CD010632     0  9591840      0  
CD010632     0  9585919      0  
CD010632     0  9576017      0  
CD010632     0  9565989      0  
CD010632     0  9561514      0  
CD010632     0  9559960      0  
CD010632     0  9557154      0  
CD010632     0  9551493      0  
CD010632     0  9543322      0  
CD010632     0  9524796      0  
CD010632     0  9524795      0  
CD010632     0  9493152      0  
CD010632     0  9485067      0  
CD010632     0  9484357      0  
CD010632     0  9454619      0  
CD010632     0  9443761      0  
CD010632     0  10096415     0  
CD010632     0  9549589      0  
CD010632     0  9522398      0  
CD010632     0  9503973      0  
CD010632     0  9470127      0  
CD010632     0  9453681      0  
CD010632     0  9448582      0  
CD010632     0  9447442      0  
CD010632     0  9430315      0  
CD010632     0  9417975      0  
CD010632     0  9389593      0  
CD010632     0  9376968      0  
CD010632     0  9368195      0  
CD010632     0  9345544      0  
CD010632     0  9344051      0  
CD010632     0  9329699      0  
CD010632     0  9329697      0  
CD010632     0  9329696      0  
CD010632     0  9329693      0  
CD010632     0  9329691      0  
CD010632     0  9329348      0  
CD010632     0  9328254      0  
CD010632     0  9305290      0  
CD010632     0  9297714      0  
CD010632     0  9295092      0  
CD010632     0  9270613      0  
CD010632     0  9268812      0  
CD010632     0  9247390      0  
CD010632     0  9225689      0  
CD010632     0  9219745      0  
CD010632     0  9208375      0  
CD010632     0  9193383      0  
CD010632     0  9189143      0  
CD010632     0  9188018      0  
CD010632     0  9186804      0  
CD010632     0  9170449      0  
CD010632     0  9161470      0  
CD010632     0  9153522      0  
CD010632     0  9143472      0  
CD010632     0  9126060      0  
CD010632     0  9117380      0  
CD010632     0  9096096      0  
CD010632     0  9074396      0  
CD010632     0  9065319      0  
CD010632     0  9055273      0  
CD010632     0  9041855      0  
CD010632     0  9016263      0  
CD010632     0  9014454      0  
CD010632     0  9345500      0  
CD010632     0  9116213      0  
CD010632     0  9081560      0  
CD010632     0  9010012      0  
CD010632     0  8997424      0  
CD010632     0  8994103      0  
CD010632     0  8976498      0  
CD010632     0  8966268      0  
CD010632     0  8965193      0  
CD010632     0  8965184      0  
CD010632     0  8947281      0  
CD010632     0  8912900      0  
CD010632     0  8890778      0  
CD010632     0  8880694      0  
CD010632     0  8876777      0  
CD010632     0  8876027      0  
CD010632     0  8873880      0  
CD010632     0  8872413      0  
CD010632     0  8866684      0  
CD010632     0  8854305      0  
CD010632     0  8841965      0  
CD010632     0  8831432      0  
CD010632     0  8814736      0  
CD010632     0  8797244      0  
CD010632     0  8787151      0  
CD010632     0  8781138      0  
CD010632     0  8774410      0  
CD010632     0  8761863      0  
CD010632     0  8757021      0  
CD010632     0  8757020      0  
CD010632     0  8752683      0  
CD010632     0  8752524      0  
CD010632     0  8741148      0  
CD010632     0  8741001      0  
CD010632     0  8740993      0  
CD010632     0  8711986      0  
CD010632     0  8694308      0  
CD010632     0  8667045      0  
CD010632     0  8648331      0  
CD010632     0  8624126      0  
CD010632     0  8624103      0  
CD010632     0  8624090      0  
CD010632     0  8621744      0  
CD010632     0  8592548      0  
CD010632     0  8576501      0  
CD010632     0  8821493      0  
CD010632     0  8752469      0  
CD010632     0  8750117      0  
CD010632     0  8672604      0  
CD010632     0  8595480      0  
CD010632     0  8555751      0  
CD010632     0  8538823      0  
CD010632     0  8526242      1  
CD010632     0  8523106      0  
CD010632     0  8523099      0  
CD010632     0  8523038      0  
CD010632     0  7895004      0  
CD010632     0  7892656      0  
CD010632     0  7884953      0  
CD010632     0  7872887      0  
CD010632     0  7815078      0  
CD010632     0  7790950      0  
CD010632     0  7785428      0  
CD010632     0  7783942      0  
CD010632     0  7732777      0  
CD010632     0  7728217      0  
CD010632     0  7671977      0  
CD010632     0  7668322      0  
CD010632     0  7666958      0  
CD010632     0  7662326      0  
CD010632     0  7650534      0  
CD010632     0  7639629      0  
CD010632     0  7622680      0  
CD010632     0  7612383      0  
CD010632     0  7611090      0  
CD010632     0  7605624      0  
CD010632     0  7605617      0  
CD010632     0  7591506      0  
CD010632     0  7586850      0  
CD010632     0  7579751      0  
CD010632     0  7579750      0  
CD010632     0  7573586      0  
CD010632     0  7550598      0  
CD010632     0  7500099      0  
CD010632     0  7484078      0  
CD010632     0  7477607      0  
CD010632     0  8271029      0  
CD010632     0  8206464      0  
CD010632     0  8174508      0  
CD010632     0  8158175      0  
CD010632     0  8156085      0  
CD010632     0  8155012      0  
CD010632     0  8126499      0  
CD010632     0  8113882      0  
CD010632     0  8080394      0  
CD010632     0  8078635      0  
CD010632     0  8074128      0  
CD010632     0  8068438      0  
CD010632     0  8064320      0  
CD010632     0  8064316      0  
CD010632     0  8064302      0  
CD010632     0  8054492      0  
CD010632     0  8053653      0  
CD010632     0  8050774      0  
CD010632     0  8038871      0  
CD010632     0  7999319      0  
CD010632     0  7989291      0  
CD010632     0  7987785      0  
CD010632     0  7981593      0  
CD010632     0  7964885      0  
CD010632     0  7964813      0  
CD010632     0  7953590      0  
CD010632     0  7936057      0  
CD010632     0  7919196      0  
CD010632     0  7916916      0  
CD010632     0  7893375      0  
CD010632     0  7878321      0  
CD010632     0  7828614      0  
CD010632     0  7827322      0  
CD010632     0  7823403      0  
CD010632     0  7798976      0  
CD010632     0  7744551      0  
CD010632     0  7694995      0  
CD010632     0  7659917      0  
CD010632     0  7519142      0  
CD010632     0  8489323      0  
CD010632     0  8488956      0  
CD010632     0  8482976      0  
CD010632     0  8478402      0  
CD010632     0  8478400      0  
CD010632     0  8461968      0  
CD010632     0  8455781      0  
CD010632     0  8440287      0  
CD010632     0  8439599      0  
CD010632     0  8433091      0  
CD010632     0  8428313      0  
CD010632     0  8417380      0  
CD010632     0  8414042      0  
CD010632     0  8390806      0  
CD010632     0  8369642      0  
CD010632     0  8358518      0  
CD010632     0  8355064      0  
CD010632     0  8353715      0  
CD010632     0  8350100      0  
CD010632     0  8346211      0  
CD010632     0  8337557      0  
CD010632     0  8334774      0  
CD010632     0  8319928      0  
CD010632     0  8315893      0  
CD010632     0  8289076      0  
CD010632     0  8270594      0  
CD010632     0  8239307      0  
CD010632     0  8239283      0  
CD010632     0  8232881      0  
CD010632     0  8215966      0  
CD010632     0  8128843      0  
CD010632     0  8111623      0  
CD010632     0  7906947      0  
CD010632     0  7685851      0  
CD010632     0  1628576      0  
CD010632     0  1628437      0  
CD010632     0  1628203      0  
CD010632     0  1574993      0  
CD010632     0  1571076      0  
CD010632     0  1562450      0  
CD010632     0  1556365      0  
CD010632     0  1552311      0  
CD010632     0  1542386      0  
CD010632     0  1531155      0  
CD010632     0  1530965      0  
CD010632     0  1520079      0  
CD010632     0  1517837      0  
CD010632     0  1514777      0  
CD010632     0  1506868      0  
CD010632     0  1491741      0  
CD010632     0  1491738      0  
CD010632     0  1489634      0  
CD010632     0  1477527      0  
CD010632     0  1469402      0  
CD010632     0  1449406      0  
CD010632     0  1439868      0  
CD010632     0  1431960      0  
CD010632     0  1431957      0  
CD010632     0  1417508      0  
CD010632     0  1414249      0  
CD010632     0  1400646      0  
CD010632     0  1387888      0  
CD010632     0  1387463      0  
CD010632     0  1360198      0  
CD010632     0  1355868      0  
CD010632     0  1339787      0  
CD010632     0  1284297      0  
CD010632     0  7502957      0  
CD010632     0  2063064      0  
CD010632     0  2057055      0  
CD010632     0  2055721      0  
CD010632     0  2036616      0  
CD010632     0  1997493      0  
CD010632     0  1996428      0  
CD010632     0  1991619      0  
CD010632     0  1955897      0  
CD010632     0  1955530      0  
CD010632     0  1938155      0  
CD010632     0  1934773      0  
CD010632     0  1934763      0  
CD010632     0  1930679      0  
CD010632     0  1929775      0  
CD010632     0  1927687      0  
CD010632     0  1927686      0  
CD010632     0  1922743      0  
CD010632     0  1914338      0  
CD010632     0  1900728      0  
CD010632     0  1897377      0  
CD010632     0  1891084      0  
CD010632     0  1865209      0  
CD010632     0  1835787      0  
CD010632     0  1825496      0  
CD010632     0  1802960      0  
CD010632     0  1780392      0  
CD010632     0  1776760      0  
CD010632     0  1772739      0  
CD010632     0  1753242      0  
CD010632     0  1744644      0  
CD010632     0  1726307      0  
CD010632     0  1719135      0  
CD010632     0  2381507      0  
CD010632     0  2381074      0  
CD010632     0  2376611      0  
CD010632     0  2375634      0  
CD010632     0  2320683      0  
CD010632     0  2317335      0  
CD010632     0  2311010      0  
CD010632     0  2292695      0  
CD010632     0  2276233      0  
CD010632     0  2264076      0  
CD010632     0  2256438      0  
CD010632     0  2252606      0  
CD010632     0  2246484      0  
CD010632     0  2239454      0  
CD010632     0  2237453      0  
CD010632     0  2214329      0  
CD010632     0  2213642      0  
CD010632     0  2204331      0  
CD010632     0  2147116      0  
CD010632     0  2141358      0  
CD010632     0  2137464      0  
CD010632     0  2136791      0  
CD010632     0  2136389      0  
CD010632     0  2107711      0  
CD010632     0  2099873      0  
CD010632     0  2091324      0  
CD010632     0  2085920      0  
CD010632     0  2079717      0  
CD010632     0  1981625      0  
CD010632     0  1979723      0  
CD010632     0  2816287      0  
CD010632     0  2812318      0  
CD010632     0  2804813      0  
CD010632     0  2798056      0  
CD010632     0  2795200      0  
CD010632     0  2789034      0  
CD010632     0  2788851      0  
CD010632     0  2788403      0  
CD010632     0  2787995      0  
CD010632     0  2787220      0  
CD010632     0  2786930      0  
CD010632     0  2785582      0  
CD010632     0  2784988      0  
CD010632     0  2784550      0  
CD010632     0  2783845      0  
CD010632     0  2783735      0  
CD010632     0  2774504      0  
CD010632     0  2742550      0  
CD010632     0  2674513      0  
CD010632     0  2647282      0  
CD010632     0  2641456      0  
CD010632     0  2612100      0  
CD010632     0  2601096      0  
CD010632     0  2601095      0  
CD010632     0  2563716      0  
CD010632     0  2538276      0  
CD010632     0  2532511      0  
CD010632     0  3390157      0  
CD010632     0  3265862      0  
CD010632     0  3264173      0  
CD010632     0  3261571      0  
CD010632     0  3260597      0  
CD010632     0  3260505      0  
CD010632     0  3259926      0  
CD010632     0  3259296      0  
CD010632     0  3259243      0  
CD010632     0  3194063      0  
CD010632     0  3076510      0  
CD010632     0  2977283      0  
CD010632     0  2969203      0  
CD010632     0  2967038      0  
CD010632     0  2966900      0  
CD010632     0  2844523      0  
CD010632     0  3690290      0  
CD010632     0  3625988      0  
CD010632     0  3502249      0  
CD010632     0  3501695      0  
CD010632     0  3501694      0  
CD010632     0  3500958      0  
CD010632     0  3498733      0  
CD010632     0  3498701      0  
CD010632     0  3497227      0  
CD010632     0  3497161      0  
CD010632     0  3495545      0  
CD010632     0  3494824      0  
CD010632     0  3494486      0  
CD010632     0  3494109      0  
CD010632     0  3494105      0  
CD010632     0  3492992      0  
CD010632     0  3315157      0  
CD010632     0  3308421      0  
CD010632     0  3149469      0  
CD010632     0  3102988      0  
CD010632     0  2960785      0  
CD010632     0  2960430      0  
CD010632     0  2956363      0  
CD010632     0  2950844      0  
CD010632     0  2949152      0  
CD010632     0  2879258      0  
CD010632     0  2827290      0  
CD010632     0  2827263      0  
CD010632     0  3713668      0  
CD010632     0  3541048      0  
CD010632     0  3541044      0  
CD010632     0  3512063      0  
CD010632     0  3495606      0  
CD010632     0  3493192      0  
CD010632     0  3492510      0  
CD010632     0  3492415      0  
CD010632     0  3491664      0  
CD010632     0  3491344      0  
CD010632     0  3488728      0  
CD010632     0  3488245      0  
CD010632     0  3487046      0  
CD010632     0  3486378      0  
CD010632     0  3484931      0  
CD010632     0  3081943      0  
CD010632     0  2973559      0  
CD010632     0  2973557      0  
CD010632     0  2940474      0  
CD010632     0  2935938      0  
CD010632     0  2431752      0  
CD010632     0  4001704      0  
CD010632     0  3988821      0  
CD010632     0  3972914      0  
CD010632     0  3921871      0  
CD010632     0  3915647      0  
CD010632     0  3878390      0  
CD010632     0  3876136      0  
CD010632     0  3872604      0  
CD010632     0  3872424      0  
CD010632     0  3872130      0  
CD010632     0  3161165      0  
CD010632     0  6742165      0  
CD010632     0  6611118      0  
CD010632     0  6610384      0  
CD010632     0  6381559      0  
CD010632     0  6335378      0  
CD010632     0  6333862      0  
CD010632     0  6331840      0  
CD010632     0  6234856      0  
CD010632     0  6605139      0  
CD010632     0  6603596      0  
CD010632     0  6224294      0  
CD010632     0  6219602      0  
CD010632     0  6983979      0  
CD010632     0  6217782      0  
