CD010386     0  21300136     0  
CD010386     0  21792570     0  
CD010386     0  22777857     0  
CD010386     0  23065791     0  
CD010386     0  22429886     0  
CD010386     0  22832605     0  
CD010386     0  22342372     0  
CD010386     0  21764078     0  
CD010386     0  22695623     0  
CD010386     0  22628162     0  
CD010386     0  21157026     0  
CD010386     0  23037962     0  
CD010386     0  21726674     0  
CD010386     0  21666432     0  
CD010386     0  22483590     0  
CD010386     0  23148296     0  
CD010386     0  22047634     0  
CD010386     0  22047632     0  
CD010386     0  22226010     0  
CD010386     0  23043907     0  
CD010386     0  23056355     0  
CD010386     0  22391726     0  
CD010386     0  22335970     0  
CD010386     0  23024340     0  
CD010386     0  22220910     0  
CD010386     0  22773150     0  
CD010386     0  22993429     0  
CD010386     0  22749065     0  
CD010386     0  21051106     0  
CD010386     0  23284831     0  
CD010386     0  21434859     0  
CD010386     0  23200616     0  
CD010386     0  22057028     0  
CD010386     0  22057784     0  
CD010386     0  22751169     0  
CD010386     0  22915996     0  
CD010386     0  23154473     0  
CD010386     0  22541290     0  
CD010386     0  21827663     0  
CD010386     0  21729421     0  
CD010386     0  22287381     0  
CD010386     0  22142818     0  
CD010386     0  22491780     0  
CD010386     0  21933145     0  
CD010386     0  23102120     0  
CD010386     0  22808022     0  
CD010386     0  22051030     0  
CD010386     0  21605674     0  
CD010386     0  22108786     0  
CD010386     0  23026363     0  
CD010386     0  23026364     0  
CD010386     0  22377499     0  
CD010386     0  22560596     0  
CD010386     0  22889797     0  
CD010386     0  21980214     0  
CD010386     0  22889795     0  
CD010386     0  22355538     0  
CD010386     0  21876255     0  
CD010386     0  21876253     0  
CD010386     0  22727821     0  
CD010386     0  22809738     0  
CD010386     0  22940426     0  
CD010386     0  21889117     0  
CD010386     0  23285544     0  
CD010386     0  21795034     0  
CD010386     0  22343502     0  
CD010386     0  22011144     0  
CD010386     0  22421174     0  
CD010386     0  21884802     0  
CD010386     0  23047223     0  
CD010386     0  22947919     0  
CD010386     0  23053137     0  
CD010386     0  22221288     0  
CD010386     0  22570063     0  
CD010386     0  22401755     0  
CD010386     0  22064086     0  
CD010386     0  22162065     0  
CD010386     0  22787839     0  
CD010386     0  23167069     0  
CD010386     0  22651996     0  
CD010386     0  22233763     0  
CD010386     0  22497021     0  
CD010386     0  22184615     0  
CD010386     0  20687157     0  
CD010386     0  22868352     0  
CD010386     0  22776451     0  
CD010386     0  22273569     0  
CD010386     0  22510256     0  
CD010386     0  21741254     0  
CD010386     0  21406255     0  
CD010386     0  21921451     0  
CD010386     0  22551733     0  
CD010386     0  21632046     0  
CD010386     0  22786606     0  
CD010386     0  23060451     0  
CD010386     0  22596267     0  
CD010386     0  22832319     0  
CD010386     0  23179062     0  
CD010386     0  23210167     0  
CD010386     0  22840559     0  
CD010386     0  22131545     0  
CD010386     0  22131541     0  
CD010386     0  22787849     0  
CD010386     0  21816137     0  
CD010386     0  22226022     0  
CD010386     0  22915704     0  
CD010386     0  22368988     0  
CD010386     0  22787844     0  
CD010386     0  22787845     0  
CD010386     0  23100049     0  
CD010386     0  21983184     0  
CD010386     0  22248049     0  
CD010386     0  22383132     0  
CD010386     0  23242058     0  
CD010386     0  23196944     0  
CD010386     0  22785519     0  
CD010386     0  22972644     0  
CD010386     0  22972646     0  
CD010386     0  21879327     0  
CD010386     0  22255820     0  
CD010386     0  22166447     0  
CD010386     0  22050514     0  
CD010386     0  22691524     0  
CD010386     0  22226025     0  
CD010386     0  22691528     0  
CD010386     0  22787850     0  
CD010386     0  23008418     0  
CD010386     0  21934543     0  
CD010386     0  21750305     0  
CD010386     0  22588187     0  
CD010386     0  22197787     0  
CD010386     0  22588188     0  
CD010386     0  22273117     0  
CD010386     0  21515244     0  
CD010386     0  21986682     0  
CD010386     0  22284730     0  
CD010386     0  22284733     0  
CD010386     0  22271235     0  
CD010386     0  22760302     0  
CD010386     0  21618283     0  
CD010386     0  22528111     0  
CD010386     0  22728617     0  
CD010386     0  22752783     0  
CD010386     0  22653791     0  
CD010386     0  22255174     0  
CD010386     0  22173784     0  
CD010386     0  22874668     0  
CD010386     0  23152607     0  
CD010386     0  21721045     0  
CD010386     0  22849649     0  
CD010386     0  22079452     0  
CD010386     0  22331215     0  
CD010386     0  22805443     0  
CD010386     0  23158895     0  
CD010386     0  22701746     0  
CD010386     0  22933741     0  
CD010386     0  22929226     0  
CD010386     0  21879994     0  
CD010386     0  22983255     0  
CD010386     0  22434215     0  
CD010386     0  22232010     0  
CD010386     0  22354138     0  
CD010386     0  22791901     0  
CD010386     0  21529844     0  
CD010386     0  22365486     0  
CD010386     0  21478204     0  
CD010386     0  21335660     0  
CD010386     0  21732103     0  
CD010386     0  22807560     0  
CD010386     0  23112868     0  
CD010386     0  22108203     0  
CD010386     0  22989783     0  
CD010386     0  22727624     0  
CD010386     0  23137951     0  
CD010386     0  22665688     0  
CD010386     0  20417582     0  
CD010386     0  22522445     0  
CD010386     0  23018443     0  
CD010386     0  23102709     0  
CD010386     0  22647721     0  
CD010386     0  22091601     0  
CD010386     0  21841458     0  
CD010386     0  22713404     0  
CD010386     0  22526956     0  
CD010386     0  22476968     0  
CD010386     0  21696776     0  
CD010386     0  22301718     0  
CD010386     0  21987561     0  
CD010386     0  22812018     0  
CD010386     0  22143171     0  
CD010386     0  22306804     0  
CD010386     0  23166389     0  
CD010386     0  23028511     0  
CD010386     0  21329844     0  
CD010386     0  23229103     0  
CD010386     0  22677678     0  
CD010386     0  23280200     0  
CD010386     0  23050829     0  
CD010386     0  21479849     0  
CD010386     0  22234338     0  
CD010386     0  22434068     0  
CD010386     0  22864813     0  
CD010386     0  22503457     0  
CD010386     0  22503458     0  
CD010386     0  21983241     0  
CD010386     0  22592807     0  
CD010386     0  22329653     0  
CD010386     0  22434067     0  
CD010386     0  22238418     0  
CD010386     0  21971458     0  
CD010386     0  22033022     0  
CD010386     0  21971457     0  
CD010386     0  21971456     0  
CD010386     0  21971455     0  
CD010386     0  21971454     0  
CD010386     0  22878982     0  
CD010386     0  21848585     0  
CD010386     0  23085550     0  
CD010386     0  22410450     0  
CD010386     0  21831859     0  
CD010386     0  21694449     0  
CD010386     0  21927556     0  
CD010386     0  22212924     0  
CD010386     0  21698414     0  
CD010386     0  22096221     0  
CD010386     0  22689832     0  
CD010386     0  22690944     0  
CD010386     0  21914395     0  
CD010386     0  22213821     0  
CD010386     0  22786597     0  
CD010386     0  21816039     0  
CD010386     0  22531423     0  
CD010386     0  22078413     0  
CD010386     0  23286052     0  
CD010386     0  23102118     0  
CD010386     0  22555074     0  
CD010386     0  22359096     0  
CD010386     0  22261556     0  
CD010386     0  22985800     0  
CD010386     0  23291028     0  
CD010386     0  22115832     0  
CD010386     0  22425545     0  
CD010386     0  22700814     0  
CD010386     0  22989902     0  
CD010386     0  22201342     0  
CD010386     0  21971479     0  
CD010386     0  20052508     0  
CD010386     0  22796873     0  
CD010386     0  22517954     0  
CD010386     0  22018896     0  
CD010386     0  22669011     0  
CD010386     0  22940744     0  
CD010386     0  22366793     0  
CD010386     0  21983242     0  
CD010386     0  22232345     0  
CD010386     0  22295910     0  
CD010386     0  23071163     0  
CD010386     0  22841687     0  
CD010386     0  22218879     0  
CD010386     0  22085942     0  
CD010386     0  22188720     0  
CD010386     0  22414634     0  
CD010386     0  22893421     0  
CD010386     0  22040417     0  
CD010386     0  22460159     0  
CD010386     0  21789693     0  
CD010386     0  22592018     0  
CD010386     0  22795494     0  
CD010386     0  23023073     0  
CD010386     0  22146229     0  
CD010386     0  21803164     0  
CD010386     0  23280791     0  
CD010386     0  22398958     0  
CD010386     0  23300105     0  
CD010386     0  22833145     0  
CD010386     0  23300102     0  
CD010386     0  21945201     0  
CD010386     0  22173295     0  
CD010386     0  20880270     0  
CD010386     0  22359740     0  
CD010386     0  22241913     0  
CD010386     0  22928231     0  
CD010386     0  22694975     0  
CD010386     0  22301812     0  
CD010386     0  22155259     0  
CD010386     0  22275725     0  
CD010386     0  22921250     0  
CD010386     0  22787852     0  
CD010386     0  22787851     0  
CD010386     0  22473957     0  
CD010386     0  21992749     0  
CD010386     0  22930884     0  
CD010386     0  22842466     0  
CD010386     0  22975859     0  
CD010386     0  22285638     0  
CD010386     0  22105948     0  
CD010386     0  22302548     0  
CD010386     0  22633443     0  
CD010386     0  22620001     0  
CD010386     0  23236541     0  
CD010386     0  22348880     0  
CD010386     0  22633529     0  
CD010386     0  22188660     0  
CD010386     0  22347510     0  
CD010386     0  22414859     0  
CD010386     0  20961662     0  
CD010386     0  22583523     0  
CD010386     0  22932755     0  
CD010386     0  21694448     0  
CD010386     0  22310247     0  
CD010386     0  22961552     0  
CD010386     0  21877749     0  
CD010386     0  22009379     0  
CD010386     0  21751286     0  
CD010386     0  22539565     0  
CD010386     0  22610458     0  
CD010386     0  21942937     0  
CD010386     0  21921517     0  
CD010386     0  22917148     0  
CD010386     0  22159114     0  
CD010386     0  21747005     0  
CD010386     0  22159058     0  
CD010386     0  22766739     0  
CD010386     0  22917141     0  
CD010386     0  22917145     0  
CD010386     0  21221517     0  
CD010386     0  22491868     0  
CD010386     0  22491869     0  
CD010386     0  22008371     0  
CD010386     0  22491866     0  
CD010386     0  21896306     0  
CD010386     0  22056004     0  
CD010386     0  22488240     0  
CD010386     0  22239531     0  
CD010386     0  23021038     0  
CD010386     0  22531413     0  
CD010386     0  23109153     0  
CD010386     0  23269595     0  
CD010386     0  23109151     0  
CD010386     0  22135130     0  
CD010386     0  21365327     0  
CD010386     0  23285580     0  
CD010386     0  22192811     0  
CD010386     0  22368970     0  
CD010386     0  21954186     0  
CD010386     0  22635103     0  
CD010386     0  22272179     0  
CD010386     0  22566505     0  
CD010386     0  22415193     0  
CD010386     0  22081102     0  
CD010386     0  23137949     0  
CD010386     0  21987394     0  
CD010386     0  23128926     0  
CD010386     0  22300023     0  
CD010386     0  21901424     0  
CD010386     0  23237833     0  
CD010386     0  21905987     0  
CD010386     0  23097914     0  
CD010386     0  21805181     0  
CD010386     0  22917137     0  
CD010386     0  22996234     0  
CD010386     0  23185553     0  
CD010386     0  22914828     0  
CD010386     0  22529246     0  
CD010386     0  21911655     0  
CD010386     0  23012452     0  
CD010386     0  21856969     0  
CD010386     0  21747004     0  
CD010386     0  22292754     0  
CD010386     0  21747008     0  
CD010386     0  22735052     0  
CD010386     0  22976071     0  
CD010386     0  21863421     0  
CD010386     0  21257982     0  
CD010386     0  22257044     0  
CD010386     0  22056484     0  
CD010386     0  22271153     0  
CD010386     0  22844733     0  
CD010386     0  22365049     0  
CD010386     0  22252613     0  
CD010386     0  23148941     0  
CD010386     0  20938780     0  
CD010386     0  22614327     0  
CD010386     0  22188425     0  
CD010386     0  21673407     0  
CD010386     0  22684530     0  
CD010386     0  22895582     0  
CD010386     0  22094481     0  
CD010386     0  22789740     0  
CD010386     0  22473174     0  
CD010386     0  21779719     0  
CD010386     0  22261520     0  
CD010386     0  22810436     0  
CD010386     0  21975260     0  
CD010386     0  22903128     0  
CD010386     0  23299381     0  
CD010386     0  22156048     0  
CD010386     0  21914569     0  
CD010386     0  20510480     0  
CD010386     0  23238736     0  
CD010386     0  22409939     0  
CD010386     0  22558216     0  
CD010386     0  22898692     0  
CD010386     0  22382657     0  
CD010386     0  20359779     0  
CD010386     0  22871906     0  
CD010386     0  23203246     0  
CD010386     0  21812104     0  
CD010386     0  22710357     0  
CD010386     0  22968319     0  
CD010386     0  22551786     0  
CD010386     0  22112047     0  
CD010386     0  22929437     0  
CD010386     0  23272070     0  
CD010386     0  23064212     0  
CD010386     0  23041336     0  
CD010386     0  22188635     0  
CD010386     0  21694463     0  
CD010386     0  22700745     0  
CD010386     0  22551199     0  
CD010386     0  21891870     0  
CD010386     0  23212812     0  
CD010386     0  22944481     0  
CD010386     0  21846988     0  
CD010386     0  21640440     0  
CD010386     0  22722670     0  
CD010386     0  22229116     0  
CD010386     0  22717196     0  
CD010386     0  23142262     0  
CD010386     0  23104671     0  
CD010386     0  22189452     0  
CD010386     0  22832730     0  
CD010386     0  23178084     0  
CD010386     0  22560011     0  
CD010386     0  21590591     0  
CD010386     0  21605040     0  
CD010386     0  22045495     0  
CD010386     0  22198698     0  
CD010386     0  21853308     0  
CD010386     0  22100791     0  
CD010386     0  22716136     0  
CD010386     0  22814208     0  
CD010386     0  22129938     0  
CD010386     0  21777941     0  
CD010386     0  22784036     0  
CD010386     0  20688420     0  
CD010386     0  21383234     0  
CD010386     0  22302550     0  
CD010386     0  22173840     0  
CD010386     0  21843378     0  
CD010386     0  22577238     0  
CD010386     0  21601614     0  
CD010386     0  20886576     0  
CD010386     0  22310250     0  
CD010386     0  21834676     0  
CD010386     0  22944619     0  
CD010386     0  21269332     0  
CD010386     0  22785496     0  
CD010386     0  22990206     0  
CD010386     0  22084280     0  
CD010386     0  22811995     0  
CD010386     0  22404851     0  
CD010386     0  23046730     0  
CD010386     0  20553306     0  
CD010386     0  22169936     0  
CD010386     0  21596699     0  
CD010386     0  22196492     0  
CD010386     0  23008501     0  
CD010386     0  22569194     0  
CD010386     0  22713376     0  
CD010386     0  22152914     0  
CD010386     0  22457741     0  
CD010386     0  22498655     0  
CD010386     0  22038908     0  
CD010386     0  23106049     0  
CD010386     0  22044023     0  
CD010386     0  22835812     0  
CD010386     0  22474610     0  
CD010386     0  22050286     0  
CD010386     0  22244855     0  
CD010386     0  22323782     0  
CD010386     0  22262751     0  
CD010386     0  22785390     0  
CD010386     0  21792587     0  
CD010386     0  20886575     0  
CD010386     0  22289965     0  
CD010386     0  22166468     0  
CD010386     0  22482446     0  
CD010386     0  22482447     0  
CD010386     0  22226798     0  
CD010386     0  22691507     0  
CD010386     0  22192243     0  
CD010386     0  22460160     0  
CD010386     0  22250011     0  
CD010386     0  23067525     0  
CD010386     0  23235438     0  
CD010386     0  23067526     0  
CD010386     0  19660834     0  
CD010386     0  22288409     0  
CD010386     0  21298310     0  
CD010386     0  23209065     0  
CD010386     0  22651941     0  
CD010386     0  22078173     0  
CD010386     0  21683475     0  
CD010386     0  22078170     0  
CD010386     0  20538374     0  
CD010386     0  22252372     0  
CD010386     0  21907609     0  
CD010386     0  22398375     0  
CD010386     0  21586914     0  
CD010386     0  23243071     0  
CD010386     0  22145510     0  
CD010386     0  22441582     0  
CD010386     0  21966405     0  
CD010386     0  21920750     0  
CD010386     0  21861660     0  
CD010386     0  22136889     0  
CD010386     0  22914836     0  
CD010386     0  22244088     0  
CD010386     0  22961445     1  
CD010386     0  22832236     0  
CD010386     0  22982358     0  
CD010386     0  22914831     0  
CD010386     0  21718750     0  
CD010386     0  22514792     0  
CD010386     0  23242068     0  
CD010386     0  22459725     0  
CD010386     0  22328918     0  
CD010386     0  22118570     0  
CD010386     0  21995345     0  
CD010386     0  22079157     0  
CD010386     0  21911660     0  
CD010386     0  22572706     0  
CD010386     0  22556189     0  
CD010386     0  22712065     0  
CD010386     0  22079258     0  
CD010386     0  22120142     0  
CD010386     0  22120145     0  
CD010386     0  22777304     0  
CD010386     0  22255952     0  
CD010386     0  22878163     0  
CD010386     0  21958592     0  
CD010386     0  23000537     0  
CD010386     0  22840744     0  
CD010386     0  22778869     0  
CD010386     0  22044507     0  
CD010386     0  22693110     0  
CD010386     0  23115180     0  
CD010386     0  22773517     0  
CD010386     0  21722919     0  
CD010386     0  21861661     0  
CD010386     0  22503001     0  
CD010386     0  21821316     0  
CD010386     0  22580170     0  
CD010386     0  21909018     0  
CD010386     0  22459153     0  
CD010386     0  22223504     0  
CD010386     0  22703622     0  
CD010386     0  22018493     0  
CD010386     0  21971473     0  
CD010386     0  22925652     0  
CD010386     0  21855172     0  
CD010386     0  22332189     0  
CD010386     0  22332188     0  
CD010386     0  22270508     0  
CD010386     0  21762928     0  
CD010386     0  21967036     0  
CD010386     0  22166456     0  
CD010386     0  22166451     0  
CD010386     0  22343644     0  
CD010386     0  21885280     0  
CD010386     0  22341369     0  
CD010386     0  23300829     0  
CD010386     0  22096518     0  
CD010386     0  22149630     0  
CD010386     0  21958648     0  
CD010386     0  22397905     0  
CD010386     0  22041339     0  
CD010386     0  22297644     0  
CD010386     0  22843412     0  
CD010386     0  22661593     0  
CD010386     0  22872307     0  
CD010386     0  22078485     0  
CD010386     0  21883100     0  
CD010386     0  20176414     1  
CD010386     0  22232000     0  
CD010386     0  22023291     0  
CD010386     0  22931256     0  
CD010386     0  22084131     0  
CD010386     0  22683529     0  
CD010386     0  22680403     0  
CD010386     0  22193845     0  
CD010386     0  22017494     0  
CD010386     0  22232206     0  
CD010386     0  22712644     0  
CD010386     0  21891868     0  
CD010386     0  22367437     0  
CD010386     0  21822699     0  
CD010386     0  22107995     0  
CD010386     0  23152610     0  
CD010386     0  22410648     0  
CD010386     0  21729418     0  
CD010386     0  22251554     0  
CD010386     0  19796846     0  
CD010386     0  22718551     0  
CD010386     0  22044532     0  
CD010386     0  22868714     0  
CD010386     0  23033449     0  
CD010386     0  22926714     0  
CD010386     0  22297461     0  
CD010386     0  23208196     0  
CD010386     0  22236449     0  
CD010386     0  21679929     0  
CD010386     0  22892349     0  
CD010386     0  23050785     0  
CD010386     0  20961663     0  
CD010386     0  20961664     0  
CD010386     0  20135628     0  
CD010386     0  23011220     0  
CD010386     0  22329529     0  
CD010386     0  22763629     0  
CD010386     0  22735677     0  
CD010386     0  22563077     0  
CD010386     0  22078172     0  
CD010386     0  21674695     0  
CD010386     0  22836176     0  
