CD010023     0  10598849     0  
CD010023     0  1618419      0  
CD010023     0  7044578      0  
CD010023     0  1729671      0  
CD010023     0  10068010     0  
CD010023     0  20575885     0  
CD010023     0  1549659      0  
CD010023     0  12027494     0  
CD010023     0  11089184     0  
CD010023     0  11089185     0  
CD010023     0  17354814     0  
CD010023     0  17610183     0  
CD010023     0  15621921     0  
CD010023     0  21957277     0  
CD010023     0  9646707      0  
CD010023     0  20698466     0  
CD010023     0  8142175      0  
CD010023     0  11810614     0  
CD010023     0  17993436     0  
CD010023     0  1456359      0  
CD010023     0  6224230      0  
CD010023     0  15274268     0  
CD010023     0  6612886      1  
CD010023     0  3693834      0  
CD010023     0  2964829      1  
CD010023     0  18929188     0  
CD010023     0  19043131     0  
CD010023     0  2688677      0  
CD010023     0  15948438     0  
CD010023     0  10866091     0  
CD010023     0  15510095     0  
CD010023     0  11775472     0  
CD010023     0  3714271      0  
CD010023     0  2584501      0  
CD010023     0  11347841     0  
CD010023     0  8466435      0  
CD010023     0  21359934     1  
CD010023     0  16324982     0  
CD010023     0  7566919      0  
CD010023     0  21057785     1  
CD010023     0  7632501      0  
CD010023     0  11402464     0  
CD010023     0  2405337      0  
CD010023     0  16149035     0  
CD010023     0  18420064     0  
CD010023     0  21960154     0  
CD010023     0  15712982     0  
CD010023     0  457743       0  
CD010023     0  19805581     0  
CD010023     0  21885701     0  
CD010023     0  17663310     0  
CD010023     0  15514541     1  
CD010023     0  22072191     0  
CD010023     0  9122402      1  
CD010023     0  17533093     0  
CD010023     0  14711785     0  
CD010023     0  22624786     0  
CD010023     0  16798135     0  
CD010023     0  7594282      0  
CD010023     0  6879077      0  
CD010023     0  7205032      0  
CD010023     0  16506027     0  
CD010023     0  7211295      0  
CD010023     0  15354754     0  
CD010023     0  1940172      0  
CD010023     0  17414993     0  
CD010023     0  9171786      0  
CD010023     0  19969191     0  
CD010023     0  16798139     0  
CD010023     0  19162696     0  
CD010023     0  8517289      0  
CD010023     0  2228362      0  
CD010023     0  22582365     0  
CD010023     0  19675028     0  
CD010023     0  11717059     0  
CD010023     0  19211381     0  
CD010023     0  9454275      1  
CD010023     0  22441500     0  
CD010023     0  15666131     0  
CD010023     0  7141682      0  
CD010023     0  20827544     0  
CD010023     0  15756078     0  
CD010023     0  17142420     0  
CD010023     0  8219128      0  
CD010023     0  5374338      0  
CD010023     0  21455837     0  
CD010023     0  19152051     0  
CD010023     0  10811757     0  
CD010023     0  15757776     0  
CD010023     0  16570175     0  
CD010023     0  7672732      0  
CD010023     0  7493788      0  
CD010023     0  19219219     0  
CD010023     0  16344168     0  
CD010023     0  17560405     0  
CD010023     0  11450129     0  
CD010023     0  17560407     0  
CD010023     0  17560406     0  
CD010023     0  19129358     0  
CD010023     0  22733954     0  
CD010023     0  17996771     0  
CD010023     0  19194702     0  
CD010023     0  18541245     0  
CD010023     0  2832895      0  
CD010023     0  8623636      0  
CD010023     0  15711629     1  
CD010023     0  17335946     0  
CD010023     0  7531477      0  
CD010023     0  3734063      0  
CD010023     0  12132820     0  
CD010023     0  18447291     0  
CD010023     0  20130313     0  
CD010023     0  19911892     0  
CD010023     0  9117529      0  
CD010023     0  20488154     0  
CD010023     0  17097470     0  
CD010023     0  6858656      0  
CD010023     0  6576759      0  
CD010023     0  22745091     0  
CD010023     0  9131939      0  
CD010023     0  22745092     0  
CD010023     0  12446162     0  
CD010023     0  12594566     0  
CD010023     0  16404125     0  
CD010023     0  9149977      0  
CD010023     0  10612202     0  
CD010023     0  16547750     0  
CD010023     0  19495720     0  
CD010023     0  2780330      0  
CD010023     0  12228796     0  
CD010023     0  1582612      0  
CD010023     0  19585088     0  
CD010023     0  8451046      0  
CD010023     0  6747238      0  
CD010023     0  20205070     0  
CD010023     0  15979624     1  
CD010023     0  10719103     0  
CD010023     0  14577051     0  
CD010023     0  14577050     0  
CD010023     0  15336746     0  
CD010023     0  18984324     0  
CD010023     0  10476265     0  
CD010023     0  18806577     0  
CD010023     0  12141705     0  
CD010023     0  2055572      0  
CD010023     0  18984328     0  
CD010023     0  20200081     0  
CD010023     0  15368727     0  
CD010023     0  10855293     0  
CD010023     0  20192143     0  
CD010023     0  21612996     0  
CD010023     0  3801112      1  
CD010023     0  15145480     0  
CD010023     0  22086787     0  
CD010023     0  15476009     0  
CD010023     0  15029036     0  
CD010023     0  11572544     0  
CD010023     0  10669828     0  
CD010023     0  8345279      0  
CD010023     0  8000403      0  
CD010023     0  19756904     0  
CD010023     0  9382634      0  
CD010023     0  20418927     0  
CD010023     0  10989763     0  
CD010023     0  10535591     0  
CD010023     0  8682815      0  
CD010023     0  20554419     0  
CD010023     0  7624564      0  
CD010023     0  7553020      0  
CD010023     0  17387642     0  
CD010023     0  10847513     0  
CD010023     0  22284748     0  
CD010023     0  12015713     0  
CD010023     0  8416606      0  
CD010023     0  21094401     0  
CD010023     0  12015717     0  
CD010023     0  12427003     0  
CD010023     0  9129428      1  
CD010023     0  3495968      0  
CD010023     0  10857066     0  
CD010023     0  18164402     0  
CD010023     0  22624783     0  
CD010023     0  18528238     0  
CD010023     0  2600698      0  
CD010023     0  19603596     0  
CD010023     0  4075727      0  
CD010023     0  15192475     0  
CD010023     0  21903213     0  
CD010023     0  8443554      0  
CD010023     0  6747427      1  
CD010023     0  8970137      0  
CD010023     0  22551952     0  
CD010023     0  21057290     0  
CD010023     0  11331161     0  
CD010023     0  1784503      0  
CD010023     0  17350200     0  
CD010023     0  152945       0  
CD010023     0  8480035      0  
CD010023     0  7595002      0  
CD010023     0  16171639     0  
CD010023     0  22094152     0  
CD010023     0  11469834     0  
CD010023     0  14837318     0  
CD010023     0  11561242     0  
CD010023     0  15576228     0  
CD010023     0  15911954     0  
CD010023     0  2268762      0  
CD010023     0  19042145     0  
CD010023     0  11310205     0  
CD010023     0  19766034     0  
CD010023     0  16903156     0  
CD010023     0  11514777     0  
CD010023     0  16934205     0  
CD010023     0  3498327      0  
CD010023     0  21527146     0  
CD010023     0  12904981     0  
CD010023     0  21449158     0  
CD010023     0  21071031     0  
CD010023     0  1460062      0  
CD010023     0  1460060      0  
CD010023     0  17870425     0  
CD010023     0  21920472     0  
CD010023     0  21706154     0  
CD010023     0  8724472      0  
CD010023     0  3600866      0  
CD010023     0  21544680     0  
CD010023     0  11762244     0  
CD010023     0  11898079     1  
CD010023     0  15293923     0  
CD010023     0  17546435     0  
CD010023     0  22496184     0  
CD010023     0  15119251     0  
CD010023     0  1340937      0  
CD010023     0  16121617     0  
CD010023     0  3133034      0  
CD010023     0  21927984     0  
CD010023     0  8440272      1  
CD010023     0  22448553     0  
CD010023     0  10357531     0  
CD010023     0  7085706      0  
CD010023     0  11775464     0  
CD010023     0  19016398     0  
CD010023     0  14600775     0  
CD010023     0  18443060     0  
CD010023     0  9467190      0  
CD010023     0  15695009     0  
CD010023     0  11692122     0  
CD010023     0  20858790     0  
CD010023     0  9820289      0  
CD010023     0  16355281     0  
CD010023     0  9699835      0  
CD010023     0  16110099     0  
CD010023     0  17002863     0  
CD010023     0  11275875     0  
CD010023     0  8479720      0  
CD010023     0  20699752     0  
CD010023     0  11469846     0  
CD010023     0  10367531     0  
CD010023     0  19085822     0  
CD010023     0  7964103      0  
CD010023     0  14727035     0  
CD010023     0  14686823     0  
CD010023     0  20084936     0  
CD010023     0  22179982     0  
CD010023     0  2672081      0  
CD010023     0  19501802     0  
CD010023     0  15620498     0  
CD010023     0  3623270      0  
CD010023     0  21234740     0  
CD010023     0  8688242      0  
CD010023     0  20048493     0  
CD010023     0  21349656     0  
CD010023     0  17950226     0  
CD010023     0  9322203      0  
CD010023     0  16979801     0  
CD010023     0  19052930     0  
CD010023     0  17950221     0  
CD010023     0  9921930      1  
CD010023     0  12954266     0  
CD010023     0  22480499     0  
CD010023     0  1936051      0  
CD010023     0  8553959      0  
CD010023     0  8169465      0  
CD010023     0  18098361     0  
CD010023     0  1631335      0  
CD010023     0  7717945      0  
CD010023     0  9181223      0  
CD010023     0  8423315      0  
CD010023     0  15738806     0  
CD010023     0  19708624     0  
CD010023     0  17218177     1  
CD010023     0  3189662      0  
CD010023     0  11901382     0  
CD010023     0  9232498      0  
CD010023     0  12479336     0  
CD010023     0  22541157     0  
CD010023     0  11206349     0  
CD010023     0  12063324     0  
CD010023     0  7747190      0  
CD010023     0  17224223     0  
CD010023     0  17541372     0  
CD010023     0  20935524     1  
CD010023     0  7296203      0  
CD010023     0  22067958     0  
CD010023     0  11595966     0  
CD010023     0  8617043      0  
CD010023     0  14652390     0  
CD010023     0  11279570     0  
CD010023     0  16998425     0  
CD010023     0  2392023      0  
CD010023     0  15230772     0  
CD010023     0  10550430     0  
CD010023     0  7989702      0  
CD010023     0  5660652      0  
CD010023     0  1613212      0  
CD010023     0  10550438     0  
CD010023     0  2367104      0  
CD010023     0  18314126     0  
CD010023     0  8856542      0  
CD010023     0  10404922     0  
CD010023     0  21548157     0  
CD010023     0  16611725     0  
CD010023     0  21276891     0  
CD010023     0  20162385     0  
CD010023     0  17556000     0  
CD010023     0  9330135      0  
CD010023     0  9330136      0  
CD010023     0  18092740     0  
CD010023     0  15925163     0  
CD010023     0  17402142     0  
CD010023     0  15925164     0  
CD010023     0  8451651      0  
CD010023     0  22041144     0  
CD010023     0  10454896     0  
CD010023     0  20608626     0  
CD010023     0  18590847     0  
CD010023     0  18590846     0  
CD010023     0  8333377      0  
CD010023     0  1389664      1  
CD010023     0  11013801     0  
CD010023     0  22653998     0  
CD010023     0  12582792     0  
CD010023     0  11098739     0  
CD010023     0  8772662      0  
CD010023     0  8850152      0  
CD010023     0  15142688     0  
CD010023     0  3390770      0  
CD010023     0  12203148     0  
CD010023     0  21586789     0  
CD010023     0  19522693     0  
CD010023     0  19054836     0  
CD010023     0  7448487      0  
CD010023     0  21712471     0  
CD010023     0  9283841      0  
CD010023     0  8676426      1  
CD010023     0  11402461     0  
CD010023     0  11884109     0  
CD010023     0  8860699      0  
CD010023     0  20825734     0  
CD010023     0  1808682      0  
CD010023     0  21136059     0  
CD010023     0  22093123     0  
CD010023     0  15140480     0  
CD010023     0  7595007      0  
CD010023     0  16843146     0  
CD010023     0  16716469     0  
CD010023     0  20193857     0  
CD010023     0  10420289     0  
CD010023     0  14750060     0  
CD010023     0  11775468     0  
CD010023     0  19766410     0  
CD010023     0  2211858      0  
CD010023     0  6544813      0  
CD010023     0  15346064     0  
CD010023     0  14569481     0  
CD010023     0  19322749     0  
CD010023     0  11775467     0  
CD010023     0  11775466     0  
CD010023     0  20621938     0  
CD010023     0  10968525     0  
CD010023     0  2055574      0  
CD010023     0  18598597     0  
CD010023     0  7973285      0  
CD010023     0  18294538     0  
CD010023     0  16187728     0  
CD010023     0  15172387     0  
CD010023     0  1508768      0  
CD010023     0  20621936     0  
CD010023     0  1437251      0  
CD010023     0  12206941     0  
CD010023     0  19180159     0  
CD010023     0  19839159     0  
CD010023     0  17343073     0  
CD010023     0  22194495     0  
CD010023     0  17415246     0  
CD010023     0  16256995     0  
CD010023     0  10447624     0  
CD010023     0  21791133     0  
CD010023     0  11000188     0  
CD010023     0  11795748     0  
CD010023     0  6744737      0  
CD010023     0  21436323     0  
CD010023     0  21918482     0  
CD010023     0  15665201     0  
CD010023     0  3085566      0  
CD010023     0  21414729     0  
CD010023     0  1469345      0  
CD010023     0  9129279      0  
CD010023     0  9231180      0  
CD010023     0  8153501      0  
CD010023     0  20106703     0  
CD010023     0  12964093     0  
CD010023     0  7939837      0  
CD010023     0  17144953     0  
CD010023     0  3253834      0  
CD010023     0  3823428      0  
CD010023     0  17262830     0  
CD010023     0  11824286     0  
CD010023     0  7799763      0  
CD010023     0  6668167      0  
CD010023     0  8733668      0  
CD010023     0  1609073      0  
CD010023     0  20185138     0  
CD010023     0  8501378      0  
CD010023     0  9055127      0  
CD010023     0  4091605      0  
CD010023     0  3737140      0  
CD010023     0  2763950      0  
CD010023     0  22321439     0  
CD010023     0  20058116     0  
CD010023     0  8451410      0  
CD010023     0  21586765     0  
CD010023     0  3768974      0  
CD010023     0  10098077     0  
CD010023     0  20135602     0  
CD010023     0  20135600     0  
CD010023     0  8421037      0  
CD010023     0  7741471      0  
CD010023     0  9798450      0  
CD010023     0  10163473     0  
CD010023     0  6265653      0  
CD010023     0  7742888      0  
CD010023     0  3423837      0  
CD010023     0  17307177     1  
CD010023     0  10763131     0  
CD010023     0  19369308     0  
CD010023     0  15062216     0  
CD010023     0  17328995     0  
CD010023     0  9518213      0  
CD010023     0  12494385     0  
CD010023     0  22648427     0  
CD010023     0  10832481     0  
CD010023     0  8778828      0  
CD010023     0  15081854     0  
CD010023     0  10101444     0  
CD010023     0  7740296      0  
CD010023     0  16365499     0  
CD010023     0  18543166     0  
CD010023     0  17729005     0  
CD010023     0  5392051      0  
CD010023     0  15665691     0  
CD010023     0  21112713     0  
CD010023     0  21786564     0  
CD010023     0  3502957      1  
CD010023     0  3764432      0  
CD010023     0  12875574     0  
CD010023     0  14518627     0  
CD010023     0  1916662      0  
CD010023     0  9607678      0  
CD010023     0  17564689     1  
CD010023     0  19794180     0  
CD010023     0  18023237     0  
CD010023     0  19695798     0  
CD010023     0  15587040     0  
CD010023     0  22008676     0  
CD010023     0  6844833      0  
CD010023     0  9715052      0  
CD010023     0  16628118     0  
CD010023     0  21705566     0  
CD010023     0  8300730      0  
CD010023     0  12591669     0  
CD010023     0  19894054     0  
CD010023     0  7182293      1  
CD010023     0  6516816      0  
CD010023     0  19627884     0  
CD010023     0  16709680     0  
CD010023     0  16320659     0  
CD010023     0  10457271     0  
CD010023     0  12813867     0  
CD010023     0  9457595      0  
CD010023     0  17080532     0  
CD010023     0  19059985     0  
CD010023     0  9889659      1  
CD010023     0  15307302     0  
CD010023     0  15060773     0  
CD010023     0  16075778     0  
CD010023     0  3671709      0  
CD010023     0  19639802     0  
CD010023     0  2701880      0  
CD010023     0  16270189     0  
CD010023     0  8422558      0  
CD010023     0  20032769     0  
CD010023     0  11426003     0  
CD010023     0  21448737     0  
CD010023     0  12077673     0  
CD010023     0  18757961     1  
CD010023     0  10795699     0  
CD010023     0  21497809     0  
CD010023     0  1640140      0  
CD010023     0  21849237     0  
CD010023     0  21467089     0  
CD010023     0  3169970      0  
CD010023     0  20879420     0  
CD010023     0  19226035     0  
CD010023     0  9167668      0  
CD010023     0  9481587      0  
CD010023     0  11433158     0  
CD010023     0  19662447     0  
CD010023     0  20961709     0  
CD010023     0  2348928      0  
CD010023     0  22386473     0  
CD010023     0  12621838     0  
CD010023     0  17951122     0  
CD010023     0  11903171     0  
CD010023     0  12665700     0  
CD010023     0  18201921     0  
CD010023     0  21676555     0  
CD010023     0  1712170      0  
CD010023     0  18586545     0  
CD010023     0  3960756      0  
CD010023     0  11482474     0  
CD010023     0  12752005     0  
CD010023     0  9026486      0  
CD010023     0  8230827      0  
CD010023     0  10951111     0  
CD010023     0  15751361     0  
CD010023     0  3260727      0  
CD010023     0  12421772     0  
CD010023     0  1983635      0  
CD010023     0  9369511      0  
CD010023     0  6115987      0  
CD010023     0  10584941     0  
CD010023     0  3603778      0  
CD010023     0  15672921     1  
CD010023     0  20824422     0  
CD010023     0  7799081      0  
CD010023     0  15877267     0  
CD010023     0  10789100     0  
CD010023     0  12945637     0  
CD010023     0  16948584     0  
CD010023     0  19643337     0  
CD010023     0  19643336     0  
CD010023     0  21209265     0  
CD010023     0  11279566     0  
CD010023     0  12027487     0  
CD010023     0  6300958      0  
CD010023     0  20060233     0  
CD010023     0  3383159      0  
CD010023     0  20437238     0  
CD010023     0  15232430     0  
CD010023     0  19524914     0  
CD010023     0  20488138     0  
CD010023     0  22097142     0  
CD010023     0  16344175     0  
CD010023     0  8771471      0  
CD010023     0  15855098     0  
CD010023     0  21888527     0  
CD010023     0  2380517      0  
CD010023     0  8673573      1  
CD010023     0  1787907      0  
CD010023     0  8203322      0  
CD010023     0  16761890     0  
CD010023     0  12763944     0  
CD010023     0  15923890     0  
CD010023     0  10628470     0  
CD010023     0  10048530     0  
CD010023     0  1280963      0  
CD010023     0  2367667      0  
CD010023     0  21780848     0  
CD010023     0  8724473      0  
CD010023     0  20838220     0  
CD010023     0  15291195     0  
CD010023     0  15513602     0  
CD010023     0  10399213     0  
CD010023     0  11245543     0  
CD010023     0  21975097     0  
CD010023     0  7854839      0  
CD010023     0  20452146     0  
CD010023     0  20058123     0  
CD010023     0  10193493     0  
CD010023     0  22176881     0  
CD010023     0  17950656     0  
CD010023     0  12601604     0  
CD010023     0  15577596     0  
CD010023     0  17898580     0  
CD010023     0  12371028     0  
CD010023     0  19101889     0  
CD010023     0  10420293     0  
CD010023     0  20032000     0  
CD010023     0  9480593      0  
CD010023     0  7258472      0  
CD010023     0  19345870     0  
CD010023     0  10835123     0  
CD010023     0  16157855     0  
CD010023     0  12537171     0  
CD010023     0  3354113      0  
CD010023     0  16133477     0  
CD010023     0  10597938     0  
CD010023     0  15217588     1  
CD010023     0  17114536     0  
CD010023     0  11043139     0  
CD010023     0  1745909      0  
CD010023     0  11058006     0  
CD010023     0  3553387      0  
CD010023     0  9509598      0  
CD010023     0  17219705     0  
CD010023     0  15151098     0  
CD010023     0  21075667     0  
CD010023     0  7754021      0  
CD010023     0  22707598     0  
CD010023     0  17666445     0  
CD010023     0  21446799     0  
CD010023     0  1806504      0  
CD010023     0  22281168     0  
CD010023     0  20510414     0  
CD010023     0  19662404     0  
CD010023     0  1682353      0  
CD010023     0  16118171     0  
CD010023     0  9522669      1  
CD010023     0  11775481     0  
CD010023     0  10622486     1  
CD010023     0  10447631     0  
CD010023     0  21411241     0  
CD010023     0  8770730      0  
CD010023     0  10433424     0  
CD010023     0  3620053      0  
CD010023     0  14507506     0  
CD010023     0  3833952      0  
CD010023     0  21803508     0  
CD010023     0  2011836      0  
CD010023     0  16361912     0  
CD010023     0  19322751     0  
CD010023     0  12467720     0  
CD010023     0  21708842     0  
CD010023     0  21885208     0  
CD010023     0  22165536     0  
CD010023     0  20965679     0  
CD010023     0  12859103     0  
CD010023     0  11959740     0  
CD010023     0  1757132      0  
CD010023     0  16318067     0  
CD010023     0  14751113     0  
CD010023     0  22388362     0  
CD010023     0  21197533     0  
CD010023     0  3044380      0  
CD010023     0  4822277      0  
CD010023     0  7810012      0  
CD010023     0  3818807      0  
CD010023     0  8142179      0  
CD010023     0  21048065     0  
CD010023     0  12813349     0  
CD010023     0  19180162     0  
CD010023     0  19180160     0  
CD010023     0  3257298      0  
CD010023     0  8785636      1  
CD010023     0  22510119     0  
CD010023     0  3694674      0  
CD010023     0  14642507     0  
CD010023     0  21528434     0  
CD010023     0  11286584     1  
CD010023     0  6123618      0  
CD010023     0  8757898      0  
CD010023     0  9057534      0  
CD010023     0  10212614     0  
CD010023     0  8325685      0  
CD010023     0  16547997     0  
CD010023     0  11179626     0  
CD010023     0  11372305     0  
CD010023     0  21869681     0  
CD010023     0  11287864     0  
CD010023     0  12772060     0  
CD010023     0  18166960     0  
CD010023     0  17299354     0  
CD010023     0  22648431     0  
CD010023     0  11885387     0  
CD010023     0  7553023      0  
CD010023     0  17299353     0  
CD010023     0  18753895     0  
CD010023     0  11147694     0  
CD010023     0  18753897     0  
CD010023     0  18753891     0  
CD010023     0  1718357      0  
CD010023     0  11147693     0  
CD010023     0  18753892     0  
CD010023     0  7061014      0  
CD010023     0  16019741     0  
CD010023     0  17049527     0  
CD010023     0  15062213     0  
CD010023     0  2105027      0  
CD010023     0  2354388      0  
CD010023     0  19235672     0  
CD010023     0  19887294     0  
CD010023     0  8173057      0  
CD010023     0  7574124      1  
CD010023     0  1456374      0  
CD010023     0  3998606      0  
CD010023     0  19410996     0  
CD010023     0  11901399     0  
CD010023     0  4090953      0  
CD010023     0  10664998     0  
CD010023     0  11162008     0  
CD010023     0  18756333     0  
CD010023     0  9509596      0  
CD010023     0  12818859     0  
CD010023     0  18541243     1  
CD010023     0  21048172     0  
CD010023     0  15864044     0  
CD010023     0  21289857     0  
CD010023     0  9661853      0  
CD010023     0  11974963     1  
CD010023     0  1572718      0  
CD010023     0  11810621     0  
CD010023     0  3714269      0  
CD010023     0  20924551     0  
CD010023     0  11036545     0  
CD010023     0  20385675     0  
CD010023     0  22607839     0  
CD010023     0  11855765     0  
CD010023     0  17177044     0  
CD010023     0  1913380      0  
CD010023     0  15100130     0  
CD010023     0  2777848      0  
CD010023     0  12730737     0  
CD010023     0  2366025      0  
CD010023     0  16046094     0  
CD010023     0  21848532     0  
CD010023     0  9556260      0  
CD010023     0  9556261      0  
CD010023     0  11521919     0  
CD010023     0  19790024     0  
CD010023     0  2717769      0  
CD010023     0  8188775      0  
CD010023     0  20299263     0  
CD010023     0  21348035     0  
CD010023     0  22054984     0  
CD010023     0  12111052     0  
CD010023     0  9314391      0  
CD010023     0  1380276      0  
CD010023     0  18087747     0  
CD010023     0  9607660      0  
CD010023     0  21206223     1  
CD010023     0  512312       1  
CD010023     0  10433464     0  
CD010023     0  12074611     0  
CD010023     0  21548951     0  
CD010023     0  16516733     0  
CD010023     0  14577721     0  
CD010023     0  8142965      0  
CD010023     0  17886133     0  
CD010023     0  1400550      0  
CD010023     0  12782882     0  
CD010023     0  9665518      0  
CD010023     0  15673532     0  
CD010023     0  21489719     0  
CD010023     0  532594       0  
CD010023     0  1868390      0  
CD010023     0  9925104      0  
CD010023     0  2712988      0  
CD010023     0  8451048      0  
CD010023     0  7676826      0  
CD010023     0  16798142     0  
CD010023     0  21981830     0  
CD010023     0  12678369     0  
CD010023     0  11305572     0  
CD010023     0  10955218     0  
CD010023     0  10804418     0  
CD010023     0  7644940      0  
CD010023     0  3955937      0  
CD010023     0  7706880      0  
CD010023     0  9379200      0  
CD010023     0  17478754     0  
CD010023     0  9216753      1  
CD010023     0  16843167     0  
CD010023     0  21534184     0  
CD010023     0  7775760      0  
CD010023     0  8077822      0  
CD010023     0  9456991      0  
CD010023     0  15290486     0  
CD010023     0  19471945     0  
CD010023     0  14534010     0  
CD010023     0  1757005      0  
CD010023     0  21733185     0  
CD010023     0  22058291     0  
CD010023     0  8134866      0  
CD010023     0  18094287     0  
CD010023     0  10337550     0  
CD010023     0  17945644     0  
CD010023     0  16075273     0  
CD010023     0  2707656      0  
CD010023     0  17196311     0  
CD010023     0  17289531     0  
CD010023     0  9888678      0  
CD010023     0  19826314     0  
CD010023     0  19668095     1  
CD010023     0  21940274     0  
CD010023     0  1288402      0  
CD010023     0  2217754      0  
CD010023     0  1288404      0  
CD010023     0  8950387      0  
CD010023     0  8493728      0  
CD010023     0  16176695     0  
CD010023     0  22381947     0  
CD010023     0  1132172      0  
CD010023     0  9196618      0  
CD010023     0  2423943      0  
CD010023     0  19496371     0  
CD010023     0  11040298     0  
CD010023     0  21823992     0  
CD010023     0  18762479     0  
CD010023     0  15669563     0  
CD010023     0  12690849     0  
CD010023     0  21246476     0  
CD010023     0  19337343     0  
CD010023     0  8583059      0  
CD010023     0  5967084      0  
CD010023     0  7799080      0  
CD010023     0  16954942     0  
CD010023     0  8164094      0  
CD010023     0  19806529     0  
CD010023     0  18283425     0  
CD010023     0  8753688      1  
CD010023     0  9494249      0  
CD010023     0  12832176     0  
CD010023     0  18345477     0  
CD010023     0  2767538      0  
CD010023     0  8711552      1  
CD010023     0  17471775     0  
CD010023     0  15810106     0  
CD010023     0  15625519     0  
CD010023     0  16504776     0  
CD010023     0  11165838     0  
CD010023     0  22633223     0  
CD010023     0  9423687      1  
CD010023     0  21547958     0  
CD010023     0  21514744     0  
CD010023     0  2061670      0  
CD010023     0  17099528     0  
CD010023     0  16841767     0  
CD010023     0  6221504      1  
CD010023     0  19258134     0  
CD010023     0  14599826     0  
CD010023     0  8345266      0  
CD010023     0  16897211     0  
CD010023     0  16179171     1  
CD010023     0  1451699      0  
CD010023     0  18665795     0  
CD010023     0  20725880     0  
CD010023     0  20694752     0  
CD010023     0  12624687     1  
CD010023     0  19446965     0  
CD010023     0  11374049     1  
CD010023     0  17384376     1  
CD010023     0  14668518     0  
CD010023     0  17472294     0  
CD010023     0  8144066      0  
CD010023     0  18217397     0  
CD010023     0  18622846     0  
CD010023     0  10613233     0  
CD010023     0  4012718      0  
CD010023     0  18762105     0  
CD010023     0  11171509     1  
CD010023     0  18562365     0  
CD010023     0  7658240      0  
CD010023     0  8326437      0  
CD010023     0  10023165     0  
CD010023     0  14612641     0  
CD010023     0  8885535      0  
CD010023     0  15515749     1  
CD010023     0  8515021      0  
CD010023     0  15800530     0  
CD010023     0  9143996      0  
CD010023     0  11697692     0  
CD010023     0  10656983     0  
CD010023     0  10071639     1  
CD010023     0  18525472     0  
CD010023     0  9700423      0  
CD010023     0  18219475     0  
CD010023     0  20606515     0  
CD010023     0  9075627      0  
CD010023     0  10507113     0  
CD010023     0  7129827      1  
CD010023     0  21209260     0  
CD010023     0  19337804     0  
CD010023     0  17009820     0  
CD010023     0  8641054      0  
CD010023     0  22480506     0  
CD010023     0  18989609     0  
CD010023     0  15580844     0  
CD010023     0  17966737     0  
CD010023     0  17325931     0  
CD010023     0  19638854     0  
CD010023     0  7706878      0  
CD010023     0  7706879      0  
CD010023     0  11518981     0  
CD010023     0  11518983     0  
CD010023     0  11337918     0  
CD010023     0  9259534      0  
CD010023     0  8924448      0  
CD010023     0  16203878     0  
CD010023     0  21898036     0  
CD010023     0  19952615     0  
CD010023     0  15577307     0  
CD010023     0  16006021     0  
CD010023     0  11265911     0  
CD010023     0  1617837      0  
CD010023     0  2315496      0  
CD010023     0  19847413     0  
CD010023     0  6779572      0  
CD010023     0  11075601     0  
CD010023     0  16237135     0  
CD010023     0  9523959      0  
CD010023     0  16793977     1  
CD010023     0  12666296     0  
CD010023     0  21445650     0  
CD010023     0  21087881     0  
CD010023     0  5806818      0  
CD010023     0  2037637      0  
CD010023     0  2891450      0  
CD010023     0  9222933      0  
CD010023     0  17993420     0  
CD010023     0  1747314      0  
CD010023     0  17941586     0  
CD010023     0  19959447     0  
CD010023     0  11572122     0  
CD010023     0  7936737      0  
CD010023     0  16328449     0  
CD010023     0  2269775      0  
CD010023     0  18656772     0  
CD010023     0  18656775     0  
CD010023     0  15618379     0  
CD010023     0  21515805     0  
CD010023     0  18656779     0  
CD010023     0  7706881      0  
CD010023     0  9042876      0  
CD010023     0  11117050     0  
CD010023     0  3751832      0  
CD010023     0  19687072     0  
CD010023     0  15085478     0  
CD010023     0  18936035     0  
CD010023     0  2687282      0  
CD010023     0  16865353     0  
CD010023     0  7855505      0  
CD010023     0  9283837      0  
CD010023     0  20728395     0  
CD010023     0  10584943     0  
CD010023     0  10584942     0  
CD010023     0  18075414     0  
CD010023     0  8009467      0  
CD010023     0  7209415      0  
CD010023     0  10588471     0  
CD010023     0  17009819     0  
CD010023     0  19047706     0  
CD010023     0  22116544     0  
CD010023     0  14521890     0  
CD010023     0  7067295      0  
CD010023     0  8982925      0  
CD010023     0  3726128      0  
CD010023     0  15781361     0  
CD010023     0  15781360     0  
CD010023     0  1629558      0  
CD010023     0  1861032      0  
CD010023     0  20684923     0  
CD010023     0  22072473     0  
CD010023     0  3132266      0  
CD010023     0  11572125     0  
CD010023     0  20672395     0  
CD010023     0  19356346     0  
CD010023     0  8452713      0  
CD010023     0  16487784     0  
CD010023     0  11468480     0  
CD010023     0  16647649     0  
